0.00012913730708848396
0.00012913730708848396
0.00013085241194825292
0.00012913730708848396
0.00014589815966355724
0.00012913730708848396
0.00013819396641399646
0.00013261368748516524
0.00012198913859706025
0.0
0.0
0.0
0.0
0.0
0.0
0.0
0.0
0.0
0.0
0.0
0.0
0.0009462773293432979
0.00015062148137928393
0.00016104912239784975
0.00020252852151603833
6.552859440288096e-05
0.0001844615498829997
0.0
0.0
0.00018345135519579815
0.00015143859610647714
0.000403592981430756
8.885468821950329e-05
0.0003571238535048267
0.0015508434008681825
0.0015508434008681825
0.0007937966222453257
0.0007937966222453257
0.0
0.0
0.0007718483285426899
0.0007718483285426899
0.0013188274590060136
0.0013188274590060136
0.0
0.0
0.0
0.0
0.0
0.0
0.0
0.0
0.0
0.0
0.0
0.0
0.0
0.0
0.0012406747206945461
0.0012406747206945461
0.0013728777647029813
0.0013728777647029813
0.0012593314834117573
0.0012593314834117573
0.00017249339577112636
0.00016665779830225244
6.385477975362704e-05
3.3686863896573556e-05
0.00033035717414943536
0.00013785274674383844
0.0017446988259767053
0.000905357228614939
0.0003439242038886319
6.723849349408419e-05
0.0002416898806547817
0.000662020107880489
6.828010081278586e-05
0.0001712587804639711
0.00021068061294813047
0.0001273696481321397
0.00020729094962099472
0.00023623566614071047
0.00017392636271418868
0.00022067336929349634
0.0004840782869761957
0.00011704478497118358
8.655870144380553e-05
0.00023007017485407105
9.951936262255718e-05
0.0002248202514010251
0.0
0.0
0.00020131140299731217
0.00015771288822388296
0.0001958960085307178
0.00013876643520610083
0.0003850369822845143
0.00016198364341756647
0.00023458135475317048
0.00028388319880298934
