0.0003420952191462704
0.0003420952191462704
0.00034663867127555687
0.0003420952191462704
0.0003864960794710041
0.0003420952191462704
0.00036608704557154515
0.0003513044332800576
0.0003231591400092591
0.0016312408060026203
0.0
0.0
0.0
0.0
0.0
0.0
0.0
0.0
0.0
0.0
0.0
0.0025067655323882075
0.0003990085424754611
0.0
0.0
0.0
0.0
0.0
0.0
0.0
0.0
0.0010691506005607537
0.0
0.0
0.0
0.0
0.0
0.0
0.0030599827533290534
0.0030599827533290534
0.0
0.0
0.003493681096320573
0.003493681096320573
0.004875796694864975
0.004875796694864975
0.004307742710997211
0.004307742710997211
0.0
0.0
0.0
0.0
0.0
0.0
0.0
0.0
0.0
0.0
0.0
0.0
0.0
0.0
0.0
0.0
0.0004569490208369853
0.0
0.0
8.923923958823666e-05
0.0
0.0
0.0
0.0
0.0009110831606421206
0.0
0.0006402561316489361
0.0017537450562557814
0.00018087953495014787
0.00045367842457332593
0.0
0.0
0.0
0.0
0.00046074506670063626
0.0
0.0
0.0003100611455155225
0.0
0.0
0.0
0.0
0.0
0.0
0.0
0.00041779425539803457
0.0
0.0003676035619160834
0.0010199942511096845
0.00042910783291364867
0.0006214250689533791
0.0007520296597164622
