0.0
0.0
0.0007489119647201368
0.0
0.0
0.0
0.0
0.0
0.0006981844973355972
0.0
0.0
0.0
0.0
0.010197950157891223
0.0
0.0
0.0
0.0
0.0
0.0
0.0
0.0
0.0
0.0
0.001159138228345556
0.0
0.0
0.0
0.0
0.0
0.0008667335577231238
0.0
0.0
0.0
0.0
0.0
0.0
0.0
0.0
0.0
0.0
0.0
0.0
0.0
0.0
0.0
0.0
0.0
0.0
0.0
0.0
0.0
0.0
0.0
0.0
0.0
0.0
0.0
0.0
0.0
0.0
0.0
0.0
0.0
0.0
0.0
0.0
0.0
0.0
0.0
0.0
0.0
0.0
0.0
0.00138327173858842
0.0
0.00039078977368193026
0.0
0.0
0.0
0.0
0.0013520554511167488
0.0
0.0
0.0
0.0
0.0004954042970758527
0.0
0.0
0.0
0.0
0.0
0.0
0.0
0.0
0.0007942065574496893
0.0
0.0
0.0013425872756887606
0.0
