0.0005560882028120054
0.0005560882028120054
0.0005634737492556024
0.0005560882028120054
0.000628263413804156
0.0005560882028120054
0.0005950877879927154
0.0005710581148433658
0.0005253069184611588
0.0026516411729675406
0.0
0.0
0.0
0.0
0.0
0.0
0.0
0.0
0.0
0.0
0.0
0.0
0.0
0.0
0.0
0.0002821777774049965
0.0
0.0
0.0
0.0
0.0
0.0
0.0
0.0
0.0
0.0
0.0
0.0
0.0
0.0
0.0
0.0
0.0
0.0
0.0
0.0
0.0
0.0
0.0
0.0
0.0
0.0
0.0
0.0
0.0
0.0
0.0
0.0
0.005342565918867934
0.005342565918867934
0.0
0.0
0.0
0.0
0.0007427872286788579
0.0
0.0
0.00014506162490892418
0.0
0.0
0.0
0.0
0.0
0.0
0.0
0.0
0.0
0.0007374707556719541
0.0
0.0
0.000892631681989073
0.0
0.0
0.0
0.0
0.0
0.0
0.0
0.0004285480683583904
0.0
0.0
0.0
0.0
0.0
0.0
0.0
0.0
0.0006975303665833376
0.0
0.0
