0.0005933315949280849
0.0005933315949280849
0.0006012117801732236
0.0005933315949280849
0.0006703406608203189
0.0005933315949280849
0.0
0.0
0.0
0.0
0.0
0.0
0.0
0.0
0.0
0.0
0.0
0.0
0.0
0.0
0.0
0.004347746206902407
0.0
0.0007399529602131982
0.0
0.0
0.0
0.0
0.0
0.0
0.0
0.0
0.0
0.0
0.0
0.0
0.0
0.0
0.0
0.0
0.0
0.0
0.0
0.0
0.0
0.0
0.0
0.0
0.0
0.0
0.0
0.0
0.0
0.0
0.0
0.0
0.0
0.0
0.0
0.0
0.0
0.0
0.0
0.0
0.0007925345814847848
0.0
0.00029338584773988796
0.00015477696673807845
0.0
0.0
0.0
0.0
0.0
0.0
0.0
0.0030417038680700635
0.0
0.0
0.000967988778140536
0.0
0.0
0.0010854034959403753
0.0
0.0
0.0
0.0
0.0
0.0
0.0
0.0
0.0
0.0
0.0
0.0
0.0009000597410780423
0.0006375733874247937
0.0
0.0
0.0
0.0013043238620707221
