0.000658343842962037
0.000658343842962037
0.0
0.000658343842962037
0.000743790909687946
0.000658343842962037
0.0
0.0
0.0
0.0
0.0
0.0
0.0
0.0
0.0
0.0
0.0
0.0
0.0
0.0
0.0
0.0
0.0
0.0
0.0
0.0
0.0
0.0
0.0
0.0
0.0007720361341064756
0.0
0.00045298247444125304
0.0
0.0
0.0
0.0
0.0
0.0
0.0
0.0
0.0
0.0
0.0
0.0
0.0
0.0
0.0
0.0
0.0
0.0
0.0
0.0
0.0
0.0
0.0
0.0
0.0
0.0
0.0
0.0
0.0
0.0
0.0
0.0
0.0
0.0003255325826617469
0.0001717361151089626
0.0
0.0
0.0
0.0
0.0
0.0003427828038224657
0.0
0.0
0.0
0.0008730797181204111
0.0
0.0
0.0
0.0
0.0
0.0
0.0
0.0
0.00044127750094147906
0.0
0.0005073511374460856
0.0
0.0
0.0
0.0
0.0
0.0
0.0007074332761572179
0.0
0.0
0.0
0.0
