0.0
0.0
0.0
0.0
0.0
0.0
0.0
0.0
0.0
0.0
0.0
0.0
0.0
0.0
0.0
0.0
0.0
0.0
0.0
0.0
0.0
0.0
0.0008992805755395684
0.0009615384615384616
0.0
0.0
0.0011013215859030838
0.0
0.0
0.0
0.0
0.0
0.0
0.0
0.0
0.0
0.0
0.0
0.0
0.0
0.0
0.0
0.0
0.0
0.0
0.0
0.009708737864077669
0.009708737864077669
0.0
0.0
0.0
0.0
0.0
0.0
0.011111111111111112
0.011111111111111112
0.0
0.0
0.0
0.0
0.0
0.0
0.0
0.0
0.0010298661174047373
0.0
0.0
0.00020112630732099757
0.0
0.0
0.0
0.0
0.0
0.0
0.0
0.0
0.0
0.0010224948875255625
0.0
0.0
0.0
0.0
0.0
0.0
0.0
0.0
0.0
0.0
0.0
0.0
0.0
0.0
0.0
0.0
0.0
0.0
0.0
0.0
0.0
0.0
