0.0
0.0
0.0
0.0
0.0
0.0
0.0
0.0
0.0
0.0
0.0
0.0
0.0
0.0
0.0
0.0
0.0
0.0
0.0
0.0
0.0
0.0
0.0
0.0
0.0
0.0
0.0007464545212181506
0.0
0.0
0.0
0.0
0.0
0.0003595653608838624
0.0
0.0
0.0
0.0032122308306449326
0.0032122308306449326
0.0
0.0
0.0
0.0
0.0
0.0
0.0
0.0
0.0
0.0
0.0
0.0
0.0
0.0
0.006710700052139413
0.006710700052139413
0.0075308967251786745
0.0075308967251786745
0.0
0.0
0.0
0.0
0.0055555795513613174
0.0055555795513613174
0.0
0.0
0.0006980233833842231
0.0
0.0
0.00013631953042358822
0.0013368455725169244
0.0
0.0
0.0
0.0
0.0
0.0
0.0
0.0002763068509034165
0.0006930273059980376
0.0
0.0
0.0008388375065174266
0.0
0.0007038221238484742
0.0008929917065429258
0.0019589037724453196
0.0
0.0003502742662873802
0.0
0.0
0.0
0.0
0.0
0.0
0.0
0.0
0.0005615415950837453
0.0
0.0
0.0
0.0
