0.0
0.0
0.0
0.0
0.0
0.0
0.0
0.0
0.0
0.0
0.0
0.0
0.0
0.0
0.0
0.0
0.0
0.0
0.0
0.0
0.0
0.0
0.0
0.0009615384615384616
0.0
0.0
0.0
0.0
0.0
0.001095290251916758
0.0
0.0024096385542168677
0.0
0.0
0.0
0.0
0.0
0.0
0.0
0.0
0.0
0.0
0.0
0.0
0.0
0.0
0.0
0.0
0.0
0.0
0.0
0.0
0.0
0.0
0.0
0.0
0.0
0.0
0.0
0.0
0.0
0.0
0.007518796992481203
0.007518796992481203
0.0
0.0
0.0
0.00020112630732099757
0.0019723865877712033
0.0
0.0
0.0
0.0
0.0
0.0
0.0
0.0
0.0
0.0
0.0
0.0
0.0
0.0
0.0
0.0
0.0
0.0
0.0
0.0
0.0
0.0
0.0
0.001201923076923077
0.0
0.0011695906432748538
0.0
0.0
0.0
0.0014005602240896359
0.0
