0.0
0.0
0.00047035936822497064
0.0
0.0
0.0
0.0
0.0
0.0004384996295178168
0.00221345585047045
0.0
0.0
0.0
0.0
0.0
0.0
0.0
0.0
0.0
0.0
0.0
0.0
0.0005414208555107575
0.0
0.0
0.00023554772743660503
0.0006630616644581084
0.0
0.0
0.000659430439570605
0.0005443580391753729
0.0
0.0003193952208636405
0.0
0.0
0.0
0.0
0.0
0.0
0.0
0.0
0.0
0.0
0.0
0.0
0.0
0.0
0.0
0.0
0.0
0.0
0.0
0.0
0.0
0.0
0.0
0.0
0.0
0.0
0.0
0.0
0.0
0.0
0.0
0.0
0.0
0.0
0.0001210901028415049
0.0
0.0004955226266073764
0.0
0.0
0.0
0.000241694095274172
0.0
0.0
0.0002454382353558754
0.000615603263116526
0.0
0.00045784029758780406
0.0
0.0
0.0006251920989906152
0.0007932279200631916
0.0017400577784045155
0.0004207267584402253
0.0003111421143813759
0.0
0.0
0.0
0.0
0.0
0.0007236297972691856
0.0
0.0007041637325473245
0.000498806952218693
0.0
0.0005822630477059598
0.0
0.001020440663267733
