0.0005933315949280849
0.0005933315949280849
0.0
0.0005933315949280849
0.0006703406608203189
0.0005933315949280849
0.0
0.0
0.0
0.0
0.0
0.0
0.0
0.0
0.0
0.0
0.0
0.0
0.0
0.0
0.0
0.0
0.0
0.0
0.0009305333477892697
0.00030107632183948594
0.0
0.0
0.0
0.0
0.0
0.0
0.0
0.0
0.0
0.0
0.0
0.0
0.0
0.0
0.0
0.0
0.0
0.0
0.0
0.0
0.0
0.0
0.0
0.0
0.0
0.0
0.0
0.0
0.0
0.0
0.0
0.0
0.0
0.0
0.0
0.0
0.0
0.0
0.0
0.0
0.00029338584773988796
0.00015477696673807845
0.0
0.0
0.008016157068976314
0.0
0.0
0.0003089325887682562
0.0011104633169144677
0.0
0.0
0.0
0.000967988778140536
0.0
0.0
0.0
0.0
0.0
0.0
0.0
0.0
0.0
0.0
0.0010329544679486256
0.0
0.0
0.0009249412002664978
0.0
0.0
0.0006375733874247937
0.0
0.0
0.0
0.0013043238620707221
