0.0
0.0
0.00042000156414144057
0.0
0.0
0.0
0.00044356600833419466
0.0
0.0
0.0
0.0
0.0
0.0
0.0
0.0
0.0
0.006324729436482869
0.0
0.0
0.0
0.0
0.0
0.0
0.0
0.0
0.0
0.0005920726895385946
0.0
0.0
0.0005888302323122059
0.00048607775958503063
0.0
0.00028520000111461214
0.0
0.0
0.0
0.0025478767872087393
0.0025478767872087393
0.003707600014489958
0.003707600014489958
0.0
0.0
0.0
0.0
0.0
0.0
0.0
0.0
0.0
0.0
0.0
0.0
0.0
0.0
0.0
0.0
0.0
0.0
0.003982237052600326
0.003982237052600326
0.0
0.0
0.0
0.0
0.0005536580866128155
0.0005349273652746706
0.00020495692035876626
0.00010812590549095815
0.0
0.0
0.0
0.0
0.0
0.00021581774472141467
0.0
0.0
0.0
0.0005496952986718241
0.0
0.0004088228152859649
0.0
0.0
0.0
0.0
0.001553763011852728
0.0003756827408113514
0.0
0.0007384642886003351
0.00031943077962034695
0.0
0.0
0.0
0.0
0.0
0.0006287742714632092
0.0004454034814424556
0.0012358666714966527
0.0005199245668288626
0.0007529439805336749
0.0
