0.000658343842962037
0.000658343842962037
0.0
0.000658343842962037
0.0
0.000658343842962037
0.0
0.0
0.0
0.0
0.0
0.0
0.0
0.0
0.0
0.0
0.0
0.0
0.0
0.0
0.0
0.0
0.0
0.0
0.0
0.0
0.0009403876259050244
0.0
0.0
0.0
0.0007720361341064756
0.0
0.0
0.0
0.0
0.0
0.0
0.0
0.0
0.0
0.0
0.0
0.0
0.0
0.0
0.0
0.0
0.0
0.0
0.0
0.0
0.0
0.0
0.0
0.0
0.0
0.0
0.0
0.0
0.0
0.0
0.0
0.0
0.0
0.0
0.0
0.0
0.0
0.0
0.0007027752792771704
0.0
0.0
0.0017533305222212773
0.0
0.0
0.0
0.00034809293286659684
0.0
0.0
0.0006493322922598951
0.0
0.0
0.0
0.0
0.0
0.0005966959918391069
0.00044127750094147906
0.0011729010498925303
0.0
0.0
0.0
0.0
0.001026288418655964
0.0
0.0
0.0
0.0
0.0
0.0
0.0
