0.0
0.0
0.0006670874721263766
0.0
0.0
0.0
0.0
0.0006760664800647364
0.0
0.0031392351629476547
0.0
0.0
0.0
0.0
0.0
0.0
0.0
0.0
0.0
0.0
0.0
0.0
0.0
0.0
0.0
0.0
0.0
0.0
0.0
0.0
0.0
0.0
0.0
0.0
0.0
0.0
0.004046786560766645
0.004046786560766645
0.0
0.0
0.0
0.0
0.0
0.0
0.0
0.0
0.0
0.0
0.0
0.0
0.0
0.0
0.0
0.0
0.0
0.0
0.0
0.0
0.0
0.0
0.0
0.0
0.0
0.0
0.0008793738046568095
0.0
0.0
0.0001717361151089626
0.0016841656101020948
0.0
0.0
0.0
0.0017533305222212773
0.0
0.0
0.0
0.0
0.0008730797181204111
0.0
0.0
0.0
0.0012043328128656728
0.0
0.0
0.0
0.0
0.0
0.0011729010498925303
0.0
0.0
0.0
0.0
0.001026288418655964
0.0
0.0009986806600254527
0.0
0.0
0.0
0.0
0.0
