0.00023209714391980046
0.00023209714391980046
0.00023517968411248532
0.00023209714391980046
0.00026222125057838083
0.00023209714391980046
0.0002483745838811726
0.0
0.0
0.0
0.0
0.0
0.0
0.0
0.0
0.0
0.0
0.0
0.0036268674176383278
0.0
0.0
0.0
0.00027071042775537877
0.00028945191890767427
0.0003640024131366157
0.00011777386371830251
0.0003315308322290542
0.0
0.0
0.0003297152197853025
0.00027217901958768645
0.0007253734835276656
0.00015969761043182026
0.0006418550014157382
0.0
0.0
0.0
0.0
0.0
0.0
0.0
0.0
0.0
0.0
0.0
0.0
0.002922621317126031
0.002922621317126031
0.0
0.0
0.0
0.0
0.0
0.0
0.0
0.0
0.0
0.0
0.0022298518197331942
0.0022298518197331942
0.002467458980852305
0.002467458980852305
0.0022633834260449713
0.0022633834260449713
0.0
0.00029953233399401114
0.00011476553399313047
6.054505142075245e-05
0.00059374752596446
0.0002477613133036882
0.0
0.0
0.0
0.000120847047637086
0.0
0.0
0.0001227191176779377
0.000307801631558263
0.00037865408259620274
0.00022892014879390203
0.0003725618758217589
0.0004245839148998324
0.0003125960494953076
0.0
0.0008700288892022577
0.0
0.00015557105719068794
0.0004135027412966775
0.00017886511922993536
0.0004040671082738002
0.0
0.0
0.0003618148986345928
0.0002834557397965925
0.00035208186627366225
0.0002494034761093465
0.0
0.0002911315238529799
0.0
0.0005102203316338664
