0.0
0.0
0.0
0.0
0.0
0.0
0.0
0.0
0.0
0.0031392351629476547
0.0
0.0
0.0
0.0
0.0
0.0
0.0
0.0
0.0
0.0
0.0
0.0
0.0007678704715123759
0.0
0.0
0.0003340657137409085
0.0
0.0
0.0
0.0
0.0007720361341064756
0.0
0.00045298247444125304
0.0
0.0
0.0
0.0
0.0
0.0
0.0
0.0
0.0
0.0
0.0
0.0
0.0
0.0
0.0
0.0
0.0
0.0
0.0
0.0
0.0
0.0
0.0
0.0
0.0
0.0
0.0
0.0
0.0
0.0
0.0
0.0
0.0
0.0003255325826617469
0.0001717361151089626
0.0
0.0007027752792771704
0.0
0.0
0.0
0.0
0.0
0.0
0.00034809293286659684
0.0
0.0
0.0
0.0
0.0012043328128656728
0.0008866790906768038
0.0
0.0
0.0005966959918391069
0.00044127750094147906
0.0
0.0005073511374460856
0.0
0.0
0.0
0.0
0.0
0.0
0.0
0.0
0.0
0.0
0.0
