0.0
0.0
0.0
0.0
0.0
0.0
0.0
0.0
0.0
0.00302907625347176
0.0
0.0
0.0
0.0
0.009154541566047987
0.0
0.0
0.0
0.0
0.0
0.0
0.0
0.0
0.0
0.0009962620809483903
0.0003223430128890136
0.0
0.0
0.0
0.0
0.0
0.0
0.0004370868652224502
0.0
0.0
0.0
0.0
0.0
0.0
0.0
0.0
0.0
0.0
0.0
0.0
0.0
0.0
0.0
0.0
0.0
0.0
0.0
0.0
0.0
0.0
0.0
0.0
0.0
0.0
0.0
0.0
0.0
0.0
0.0
0.0
0.0008198096924819092
0.0
0.00016570972263562324
0.0
0.0
0.0
0.0
0.0
0.0003307542115392689
0.0
0.0
0.00033587800283094935
0.0
0.0010363631961563756
0.0006265465710603185
0.0010196890358221767
0.0
0.0008555646323409333
0.0
0.0
0.0
0.0
0.0
0.0
0.0
0.0
0.0
0.0
0.0
0.0009636359543208407
0.0
0.0
0.0
0.0011539338108463848
0.0
