0.0
0.0
0.0007489119647201368
0.0
0.0
0.0
0.0
0.0
0.0
0.0
0.0
0.0
0.008714611953107045
0.0
0.0
0.0
0.0
0.0
0.0
0.0
0.0
0.0
0.0
0.000921737802732476
0.0
0.0
0.0
0.0
0.0
0.0010499532473622947
0.0
0.0
0.0005085449946110211
0.0
0.0
0.0
0.0
0.0
0.0
0.0
0.0
0.0
0.0
0.0
0.0
0.0
0.0
0.0
0.0
0.0
0.0
0.0
0.0
0.0
0.0
0.0
0.0
0.0
0.0
0.0
0.0
0.0
0.0
0.0
0.0
0.0009538381242206715
0.0
0.0
0.0
0.0
0.0
0.0
0.0
0.0
0.0
0.0
0.0
0.000980171078570322
0.0
0.0007289789466477375
0.0
0.0
0.0
0.0
0.0
0.0
0.0
0.0013167682896178228
0.0
0.0
0.0
0.0
0.0
0.0
0.0
0.0
0.0
0.0
0.0013425872756887606
0.001624758160748771
