0.0007099604887836355
0.0007099604887836355
0.0
0.0007099604887836355
0.0
0.0007099604887836355
0.0
0.0
0.0006706618746921888
0.0
0.0
0.0
0.0
0.0
0.0
0.0
0.0
0.0
0.0
0.0
0.0
0.0
0.0
0.0
0.0
0.0003602577284633706
0.0
0.0
0.0
0.0
0.0
0.0
0.0
0.0
0.0
0.0
0.0
0.0
0.0
0.0
0.0
0.0
0.0
0.0
0.0
0.0
0.0
0.0
0.0
0.0
0.0
0.0
0.0
0.0
0.0
0.0
0.0
0.0
0.0
0.0
0.0
0.0
0.0
0.0
0.0
0.0
0.0
0.00018520087569436346
0.0
0.0
0.0
0.0
0.0
0.0003696582713578383
0.0
0.0
0.0
0.0
0.0
0.0
0.0011396271707331377
0.0
0.0009561980830242733
0.0
0.0026613258784750726
0.0
0.0
0.0
0.0
0.0012359983274528527
0.0
0.0
0.0
0.0
0.0
0.0
0.0
0.0
0.0
0.0
