0.0007099604887836355
0.0007099604887836355
0.0007193896515252932
0.0007099604887836355
0.0
0.0007099604887836355
0.0
0.0
0.0006706618746921888
0.0
0.0
0.0
0.0
0.0
0.0
0.0
0.0
0.0
0.0
0.0
0.0
0.0
0.0
0.0
0.0
0.0
0.0
0.0
0.0
0.0
0.0
0.0
0.0004884980127068304
0.0
0.0
0.0
0.0
0.0
0.0
0.0
0.0
0.0
0.0
0.0
0.0
0.0
0.0
0.0
0.0
0.0
0.0
0.0
0.0
0.0
0.0
0.0
0.0
0.0
0.0
0.0
0.0
0.0
0.0
0.0
0.0
0.0
0.0003510555676524496
0.00018520087569436346
0.0
0.0
0.0
0.0
0.0
0.0
0.0
0.0036395998179935777
0.0
0.0
0.0
0.0
0.0
0.0
0.0009561980830242733
0.0
0.0
0.0
0.0
0.0
0.0
0.0
0.0
0.0
0.0
0.0
0.0
0.0
0.0
0.0
0.001289662120381478
0.0
