0.00037123057835166735
0.00037123057835166735
0.00037616098447040044
0.00037123057835166735
0.0004194129443572409
0.00037123057835166735
0.00039726572617336016
0.00038122411727799883
0.0
0.0
0.0
0.0
0.0
0.0
0.0
0.0
0.0
0.0
0.0
0.0
0.0
0.0
0.0004329910612608926
0.0
0.0005822080533520103
0.0001883748279037999
0.0
0.0
0.0
0.0005273669880855559
0.0004353400181935918
0.0
0.0
0.0010266227294714553
0.0044582042603899304
0.0044582042603899304
0.0
0.0
0.0
0.0
0.0
0.0
0.0
0.0
0.0
0.0
0.0
0.0
0.0
0.0
0.0
0.0
0.0
0.0
0.0
0.0
0.0
0.0
0.0
0.0
0.0
0.0
0.0
0.0
0.0
0.0004790906070866791
0.0001835631186130814
9.683951329889632e-05
0.0
0.0003962848231457716
0.005015479792938672
0.0
0.0
0.00019329026901730733
0.0
0.0
0.00019628457404081227
0.0
0.0
0.0
0.0
0.0
0.0
0.0006343689856681325
0.0
0.00033646824606716456
0.00024883000523106587
0.0
0.0002860879739287656
0.0
0.005664541883789559
0.0
0.0005787092068775391
0.0004533767044464336
0.0
0.0
0.001106864506027845
0.00046565382990533126
0.0
0.0008160780680035806
