0.0005741923630660708
0.0005741923630660708
0.0005818183553880421
0.0005741923630660708
0.0
0.0005741923630660708
0.0
0.0005896496396648408
0.0005424089547681675
0.0
0.0
0.0
0.0
0.0
0.0
0.0
0.0
0.0
0.0
0.0
0.0
0.0
0.0006697189702308398
0.0
0.0
0.0002913644346231197
0.0
0.0
0.0
0.0
0.0
0.0
0.0
0.0
0.0
0.0
0.0
0.0
0.005136051688942716
0.005136051688942716
0.0
0.0
0.0
0.0
0.0
0.0
0.0
0.0
0.0
0.0
0.0
0.0
0.0
0.0
0.0
0.0
0.0
0.0
0.0
0.0
0.0
0.0
0.0
0.0
0.0
0.0
0.0002839220338912291
0.0001497842910089891
0.0
0.0
0.0
0.0
0.0
0.00029896728016727976
0.0
0.0
0.0
0.0
0.0
0.0
0.0
0.0
0.0
0.0
0.0
0.0005204245247356351
0.0
0.0010229773281547993
0.00044249999696773255
0.0
0.0
0.0
0.0
0.0
0.0008710263098206946
0.0
0.0
0.0
0.0
0.0
