0.0
0.0
0.0
0.0
0.0
0.0
0.0
0.0
0.0
0.0
0.0
0.0
0.0
0.0
0.009487466270241801
0.0
0.0
0.0
0.0
0.0
0.010947076465663615
0.0
0.0
0.0
0.0010324933063141017
0.0
0.0
0.0
0.0
0.0009352376389066397
0.0
0.0
0.00045298247444125304
0.0
0.0
0.0
0.004046786560766645
0.004046786560766645
0.0
0.0
0.0
0.0
0.0
0.0
0.0
0.0
0.0
0.0
0.0
0.0
0.0
0.0
0.0
0.0
0.0
0.0
0.0
0.0
0.0
0.0
0.0
0.0
0.0
0.0
0.0
0.0
0.0003255325826617469
0.0001717361151089626
0.0
0.0
0.0
0.004615524131468984
0.0
0.0003427828038224657
0.0
0.0
0.0
0.0
0.0
0.0
0.0010567722330714878
0.0
0.0
0.0
0.0
0.0
0.0
0.0
0.0005073511374460856
0.0
0.0
0.0
0.0
0.0
0.0
0.0
0.0
0.0
0.0011958991096943446
0.0
