4.2804416229631e-05
4.2804416229631e-05
4.337291238268079e-05
4.2804416229631e-05
4.836004168103782e-05
4.2804416229631e-05
4.580637611372229e-05
4.39567124701753e-05
4.043505305887212e-05
0.00020410782297732136
0.0
0.0
0.0
0.0
0.0
0.0
0.0
0.0004956904272306376
0.0
0.0
0.0
0.00031365721949057297
4.99256545412153e-05
5.3382046009453285e-05
6.713098893570908e-05
2.172039430744578e-05
6.114243155267777e-05
0.0006308787255662661
0.0003965523417845101
6.080758800638709e-05
5.019649896006457e-05
0.0001337766936140516
2.9452163315560428e-05
0.00011837383336851047
0.0005140493319428834
0.0005140493319428834
0.0002631152978664996
0.0002631152978664996
0.0
0.0
0.00025584022050613556
0.00025584022050613556
0.0004371443137782001
0.0004371443137782001
0.0006100805258223232
0.0006100805258223232
0.0005390031830080719
0.0005390031830080719
0.0006100805258223232
0.0006100805258223232
0.0005969605145143164
0.0005969605145143164
0.0005496765133646674
0.0005496765133646674
0.0006168591983314602
0.0006168591983314602
0.0005390031830080719
0.0005390031830080719
0.0004112394655543068
0.0004112394655543068
0.00045506006434288044
0.00045506006434288044
0.00041742351766790533
0.00041742351766790533
5.7175414881391775e-05
5.524112223863822e-05
2.116558438804095e-05
1.116599514276577e-05
0.00010950163283990417
4.5693273950478524e-05
0.0005783054984357438
0.0003000936640531428
0.0001139986198148489
2.2287164933693864e-05
8.011158419889093e-05
0.00021943607845783164
2.2632420648117168e-05
5.6766183895533145e-05
6.983311679224076e-05
4.221850026603149e-05
6.870956417058343e-05
7.830370641725164e-05
5.765039236742618e-05
7.31453594859439e-05
0.00016045470476829887
3.8796175995689314e-05
2.869112550378884e-05
7.62600657277904e-05
3.298712290542568e-05
7.451990315413612e-05
0.0006531450335274284
0.00048275937260722966
6.67275575118166e-05
5.227620324842882e-05
6.493254719278527e-05
4.599612912164988e-05
0.0001276260410340952
5.369180643117158e-05
7.775536113421767e-05
9.409716584717188e-05
