0.0
0.0
0.0006217812635500588
0.0
0.0
0.0
0.0
0.0
0.0
0.0
0.0
0.0
0.0
0.0
0.0
0.0
0.0
0.0
0.0
0.0
0.0
0.0
0.0
0.0
0.0
0.0
0.0
0.0
0.0
0.0
0.0
0.0
0.0004222175158324006
0.0
0.0
0.0
0.0
0.0
0.0
0.0
0.0
0.0
0.0
0.0
0.0
0.0
0.0
0.0
0.0
0.0
0.0
0.0
0.0
0.0
0.0
0.0
0.0
0.0
0.0
0.0
0.0
0.0
0.0
0.0
0.0
0.0
0.0003034235674205395
0.00016007240895898534
0.0
0.000655045281764671
0.0
0.0
0.0
0.0003195022149113108
0.0
0.0
0.0
0.0
0.0010011069400554405
0.0
0.0009850000214654397
0.0
0.0
0.0
0.0
0.0
0.0
0.0010932417820660374
0.00047289365261085875
0.0
0.0
0.0
0.0009565865593077828
0.0007494162121883947
0.0009308538214550587
0.0
0.001829609235273736
0.0007697098813772488
0.0
0.0013489491819391106
