0.00029854752758694253
0.00029854752758694253
0.0003025126119377067
0.00029854752758694253
0.0
0.00029854752758694253
0.0003194852667328915
0.0
0.00028202195431920214
0.0
0.0
0.0
0.0
0.0
0.0
0.0
0.0
0.0
0.0
0.0
0.0
0.0
0.00034821595618728823
0.00037232321469256205
0.0004682178274247454
0.0001514930138029204
0.0
0.0
0.0
0.0004241140671196763
0.0003501050120074724
0.0
0.00020541970465796523
0.0
0.0
0.0
0.0
0.0
0.0
0.0
0.0017844061902316335
0.0017844061902316335
0.0030489460100808228
0.0030489460100808228
0.0
0.0
0.0
0.0
0.0
0.0
0.0
0.0
0.0
0.0
0.0
0.0
0.0
0.0
0.0
0.0
0.0
0.0
0.0
0.0
0.00039878078607648244
0.0003852896948062333
0.00014762338668710046
7.78793530330379e-05
0.0007637399275744862
0.0
0.0
0.0020930602339473757
0.0
0.00015544606313940766
0.0
0.001530498590040571
0.0001578541146678616
0.0
0.000487064331170144
0.00029446094546027715
0.0004792279000993372
0.0005461440666858456
0.0
0.0005101661966801904
0.0011191218013880476
0.0
0.00020011170195362505
0.00053189030670366
0.0
0.0
0.0
0.0
0.00046540401836570256
0.0003646103044070287
0.0
0.00032080873511206666
0.0008901520535178494
0.0003744836975631185
0.0
0.0006562985479326517
