0.0
0.0
0.0
0.0
0.0
0.0
0.0
0.0
0.0006000791995224463
0.0
0.0
0.0
0.0
0.0
0.0
0.0
0.0
0.0
0.0
0.0
0.0
0.0
0.0007409251267484881
0.0
0.0009962620809483903
0.0003223430128890136
0.0
0.0
0.0
0.0
0.0
0.0
0.0004370868652224502
0.0
0.0
0.0
0.0
0.0
0.0
0.0
0.0
0.0
0.0
0.0
0.0
0.0
0.0
0.0
0.0
0.0
0.0
0.0
0.0
0.0
0.0
0.0
0.0
0.0
0.0
0.0
0.0
0.0
0.0
0.0
0.0
0.0008198096924819092
0.00031410931793531026
0.00016570972263562324
0.0
0.0
0.0
0.0
0.0
0.0
0.001188901502084154
0.0
0.00033587800283094935
0.0
0.0
0.0006265465710603185
0.0
0.0
0.0
0.0
0.0
0.0
0.0
0.0
0.0004895476773287694
0.0
0.0
0.0
0.0
0.0007758086072922022
0.0
0.0006826087331767346
0.0
0.0007968169641627841
0.0
0.0
