0.00037123057835166735
0.00037123057835166735
0.00037616098447040044
0.00037123057835166735
0.0
0.00037123057835166735
0.00039726572617336016
0.00038122411727799883
0.00035068176265266757
0.0017701693386842372
0.0
0.008916408520779861
0.0
0.0
0.0
0.0
0.0
0.004298982679661719
0.0
0.0
0.0
0.002720260226678602
0.0
0.0
0.0005822080533520103
0.0
0.0005302709913239125
0.0
0.003439186143729375
0.0
0.0
0.0011602073737882232
0.0
0.0
0.0
0.0
0.002281924455555036
0.002281924455555036
0.0
0.0
0.0
0.0
0.0
0.0
0.0
0.0
0.0
0.0
0.0
0.0
0.0
0.0
0.0
0.0
0.0
0.0
0.0
0.0
0.0
0.0
0.00394660705018125
0.00394660705018125
0.0
0.0
0.000495866179322464
0.0
0.0001835631186130814
9.683951329889632e-05
0.000949676647183654
0.0003962848231457716
0.0
0.0026026273520114193
0.0
0.0
0.0
0.0
0.00019628457404081227
0.0004923170348896857
0.0
0.0
0.0
0.0
0.0
0.0
0.0
0.00033646824606716456
0.0
0.0006613819507171876
0.0
0.0
0.0
0.0
0.0
0.0
0.0
0.0003989114002668703
0.0
0.00046565382990533126
0.0006743502242606618
0.0
