0.0
0.0
0.0
0.0
0.0
0.0
0.0008250825082508251
0.0
0.0
0.0
0.0
0.0
0.0
0.0
0.0
0.0
0.0
0.008928571428571428
0.0
0.0
0.0
0.0
0.0
0.0
0.0
0.0
0.0
0.0
0.0
0.001095290251916758
0.0009041591320072332
0.0
0.0
0.0
0.0
0.0
0.0
0.0
0.0
0.0
0.0
0.0
0.0
0.0
0.0
0.0
0.0
0.0
0.0
0.0
0.0
0.0
0.0
0.0
0.0
0.0
0.0
0.0
0.0
0.0
0.0
0.0
0.0
0.0
0.0
0.0
0.0
0.00020112630732099757
0.0
0.0
0.0
0.0
0.0
0.0
0.0
0.0
0.0
0.0
0.0
0.0007604562737642585
0.0
0.0
0.0010384215991692627
0.0
0.0
0.0
0.0
0.0
0.0005941770647653001
0.0
0.0
0.0
0.0
0.0
0.0011695906432748538
0.0008285004142502071
0.0
0.0
0.0
0.0
