0.0003612344510082844
0.0003612344510082844
0.0003660320960607382
0.0003612344510082844
0.0004081194102419381
0.0003612344510082844
0.0003865685502951691
0.0
0.0
0.0
0.0
0.0
0.0
0.0
0.0
0.0
0.0
0.0
0.0
0.0
0.0
0.0
0.0
0.0
0.0
0.00018330245812118347
0.0
0.0
0.0
0.0005131665749811006
0.0
0.0
0.00024855229865132354
0.0009989788549205649
0.004338158175534675
0.004338158175534675
0.00222047906615045
0.00222047906615045
0.0
0.0
0.0
0.0
0.0
0.0
0.005148583329205989
0.005148583329205989
0.0
0.0
0.0
0.0
0.0
0.0
0.004638822603542029
0.004638822603542029
0.0
0.0
0.004548748378230533
0.004548748378230533
0.0
0.0
0.0
0.0
0.0
0.0
0.0004825139886279556
0.0
0.0
0.0
0.0
0.0
0.0
0.0
0.0009620556118228849
0.0001880855411311702
0.0
0.0
0.0
0.0004790604120222341
0.0005893346955443332
0.0
0.0
0.0
0.0004865224122094963
0.0
0.0
0.0
0.0
0.0
0.00027838448185249254
0.0
0.0
0.0
0.000563126301631905
0.0
0.0
0.0003881699113154473
0.0010770599608224021
0.00045311516727054635
0.0006561919929380181
0.0007941035304368558
