0.0
0.0
0.0
0.0
0.0
0.0
0.0
0.0
0.0
0.0
0.0
0.0
0.0
0.0
0.0
0.0
0.0
0.0
0.0
0.0
0.0
0.0
0.0
0.0
0.0
0.0
0.0
0.0
0.0
0.0
0.0
0.0018543399484860872
0.0
0.0
0.007125472950201168
0.007125472950201168
0.0
0.0
0.00530724881808087
0.00530724881808087
0.0
0.0
0.0
0.0
0.0
0.0
0.0
0.0
0.0
0.0
0.0
0.0
0.0076193176101161005
0.0076193176101161005
0.008550567540241402
0.008550567540241402
0.007471369695356563
0.007471369695356563
0.005700378360160935
0.005700378360160935
0.006307795726407592
0.006307795726407592
0.0
0.0
0.0007925345814847848
0.0
0.0
0.0
0.0
0.0
0.0
0.0
0.0015801870197571378
0.0
0.0
0.0
0.0
0.0
0.0
0.0
0.0
0.0
0.0
0.0
0.0
0.0
0.0
0.0
0.0
0.0
0.0
0.0
0.0
0.0
0.0
0.0
0.0
0.0
0.0
0.0
