0.0005069987040692319
0.0005069987040692319
0.0005137322806076514
0.0005069987040692319
0.0
0.0005069987040692319
0.0
0.0
0.0
0.0
0.0
0.0
0.0
0.0
0.0
0.0
0.0
0.0
0.0
0.0
0.0
0.0
0.0005913465100519729
0.0
0.0007951358152089405
0.0
0.0007242040960107862
0.0
0.0
0.0
0.0
0.001584523660669383
0.00034884738417920093
0.0
0.0
0.0
0.0
0.0
0.0
0.0
0.0
0.0
0.0
0.0
0.0
0.0
0.0
0.0
0.0
0.0
0.0
0.0
0.0
0.0
0.0
0.0
0.0
0.0
0.0
0.0
0.0
0.0
0.0
0.0
0.0
0.0006543057902266605
0.0
0.00013225609798427068
0.0
0.000541215900557855
0.0
0.0
0.0
0.0
0.0
0.0
0.0002680706560039926
0.0006723694470120592
0.0008271412819846462
0.0005000587978538356
0.0
0.0
0.0
0.0
0.0
0.0
0.00033983323988516473
0.0009032655483211454
0.0003907173613652964
0.0
0.0
0.0
0.0007903573547810022
0.0
0.0
0.0
0.0
0.0
0.0
0.0011145378291149049
