0.0
0.0
0.0
0.0
0.0
0.0
0.0
0.0
0.0
0.0
0.0
0.0
0.0
0.0
0.0
0.0
0.0
0.0
0.0
0.0
0.0
0.0
0.0
0.0
0.0
0.0
0.0
0.0
0.0
0.0
0.0
0.001917783174323073
0.0
0.0
0.007369259419852548
0.007369259419852548
0.0037719432101614944
0.0037719432101614944
0.005488827705821208
0.005488827705821208
0.0
0.0
0.0
0.0
0.008745934256528299
0.008745934256528299
0.007726990459651215
0.007726990459651215
0.0
0.0
0.008557849648861025
0.008557849648861025
0.0
0.0
0.0
0.0
0.007726990459651215
0.007726990459651215
0.0
0.0
0.0
0.0
0.0
0.0
0.0008196498633821577
0.0
0.0
0.0
0.0
0.0
0.0
0.0
0.0
0.0
0.0
0.0
0.0
0.0
0.0
0.0
0.0
0.0
0.0
0.0
0.0
0.0
0.0
0.0
0.0
0.0
0.0
0.0
0.0
0.0
0.0
0.0
0.0
0.0
0.0
0.0
