0.0
0.0
0.0
0.0
0.0
0.0
0.0
0.0
0.0
0.0
0.0
0.0
0.0
0.0
0.0
0.0
0.0
0.0
0.0
0.0
0.0
0.0
0.0
0.0
0.0
0.0
0.0
0.0
0.0
0.0
0.0
0.001917783174323073
0.0
0.0016969723184308639
0.0
0.0
0.0
0.0
0.005488827705821208
0.005488827705821208
0.0036676498495118674
0.0036676498495118674
0.006266771790110828
0.006266771790110828
0.0
0.0
0.007726990459651215
0.007726990459651215
0.008745934256528299
0.008745934256528299
0.0
0.0
0.0
0.0
0.0
0.0
0.0
0.0
0.0
0.0
0.0
0.0
0.0
0.0
0.0008196498633821577
0.0
0.0
0.00016007240895898534
0.0
0.0
0.0
0.0
0.0
0.0
0.0
0.0
0.0
0.0
0.0
0.0
0.0
0.0
0.0008264590003572951
0.0
0.0
0.0
0.0
0.0
0.00047289365261085875
0.0
0.0
0.0
0.0
0.0
0.0
0.0
0.0
0.0
0.0
0.0
