0.0
0.0
0.0
0.0
0.0
0.0
0.0
0.0
0.0
0.0
0.0
0.0
0.0
0.0
0.0
0.0
0.0
0.0
0.0
0.0
0.0
0.0
0.0
0.0
0.0
0.0002913644346231197
0.0008201844657452576
0.0
0.0
0.0008156927654947359
0.0006733521653677159
0.0
0.0003950808991494397
0.0
0.0
0.0
0.0
0.0
0.0
0.0
0.0
0.0
0.0
0.0
0.0
0.0
0.0
0.0
0.0
0.0
0.0
0.0
0.0
0.0
0.0
0.0
0.0
0.0
0.0
0.0
0.0
0.0
0.0
0.0
0.0
0.0
0.0
0.0001497842910089891
0.0
0.0006129444402441925
0.0
0.0
0.0
0.00029896728016727976
0.001074642849778779
0.0
0.0
0.0007614800561315889
0.0
0.0005663326957389307
0.0
0.0010503913891349703
0.0
0.0009811956454501896
0.0
0.0
0.0
0.0
0.00044249999696773255
0.000999634221337844
0.0
0.0
0.0008951051621354494
0.0
0.0008710263098206946
0.0
0.0017120172296475721
0.0
0.0
0.0
