0.0007390958479890323
0.0007390958479890323
0.0
0.0007390958479890323
0.0
0.0007390958479890323
0.0007909301277572401
0.0007589923316245249
0.0
0.0
0.0
0.0
0.0
0.0
0.0
0.0
0.0
0.0
0.0
0.0
0.0
0.0
0.0
0.0
0.0
0.0
0.0010557349282398405
0.0
0.0
0.0
0.0
0.0
0.0
0.0
0.0
0.0
0.0
0.0
0.0
0.0
0.0
0.0
0.0
0.0
0.0
0.0
0.0
0.0
0.0
0.0
0.0
0.0
0.0
0.0
0.0
0.0
0.0
0.0
0.0
0.0
0.0
0.0
0.0
0.0
0.0
0.0
0.0
0.0
0.0
0.0
0.0
0.0
0.001968392843617608
0.0
0.0
0.0
0.0
0.0
0.0
0.0007289789466477375
0.0
0.0
0.0
0.0
0.0
0.0006698863136560272
0.0
0.0
0.0
0.0
0.0
0.008335715781232825
0.0
0.0
0.0
0.0
0.0
0.0
0.0
0.0
