0.0005560882028120054
0.0005560882028120054
0.0005634737492556024
0.0005560882028120054
0.000628263413804156
0.0005560882028120054
0.0005950877879927154
0.0
0.0
0.0
0.0
0.0
0.0
0.0
0.0
0.0
0.0
0.0
0.0
0.0
0.0
0.0
0.0006486028768409812
0.0
0.0
0.0
0.0007943242280255188
0.0
0.0
0.0
0.0006521215181258327
0.0
0.000382624084375157
0.0
0.0
0.0
0.0
0.0
0.0
0.0
0.0
0.0
0.0
0.0
0.0
0.0
0.0
0.0
0.0
0.0
0.0
0.0
0.0
0.0
0.0
0.0
0.0
0.0
0.0
0.0
0.0
0.0
0.0
0.0
0.0
0.0
0.00027497003394859744
0.0
0.0014225767239589174
0.0005936184354297703
0.007512983323408031
0.0
0.0
0.0
0.0
0.0
0.0002940262531786266
0.0
0.0009072281749021019
0.0
0.0
0.0
0.0
0.0
0.0
0.0
0.0
0.0
0.0
0.0
0.0
0.0
0.0
0.0
0.0
0.0005975529403870513
0.0
0.0
0.0
0.0012224515238087644
