0.0
0.0
0.0
0.0
0.0
0.0
0.0
0.0
0.0
0.0
0.0
0.0
0.0
0.0
0.0
0.0
0.0
0.0
0.0
0.0
0.0
0.0
0.0
0.0
0.0
0.0
0.0
0.0
0.0
0.0009704892088643628
0.0
0.0
0.00047005657702555077
0.0
0.0
0.0
0.0
0.0
0.0
0.0
0.0
0.0
0.0
0.0
0.0
0.0
0.0
0.0
0.0
0.0
0.0
0.0
0.0
0.0
0.0
0.0
0.0
0.0
0.0
0.0
0.0
0.0
0.0
0.0
0.0
0.000881648405664839
0.0
0.00017820930162774803
0.0017476462479155096
0.000729264730611657
0.0
0.0
0.0018194181677477685
0.0003557031905632932
0.0
0.0
0.000361213472357588
0.0
0.0
0.0
0.0
0.0
0.0
0.0
0.0
0.0006191870354249918
0.0004579104122445288
0.0012171107797983012
0.0005264745381421054
0.0
0.0
0.0
0.0
0.0
0.0
0.0
0.0
0.0
0.0
0.0
