0.0
0.0
0.00047035936822497064
0.0
0.0
0.0
0.0004967491677623452
0.0004766904127695664
0.0004384996295178168
0.0
0.0
0.0
0.0
0.0
0.0
0.0
0.00708305872150544
0.0
0.0
0.0
0.0
0.0
0.0
0.0
0.0
0.00023554772743660503
0.0006630616644581084
0.0
0.004300428509485445
0.000659430439570605
0.0
0.0
0.0003193952208636405
0.0
0.0
0.0
0.0
0.0
0.0
0.0
0.0
0.0
0.0
0.0
0.0
0.0
0.0
0.0
0.0
0.0
0.0
0.0
0.0
0.0
0.0
0.0
0.0
0.0
0.0
0.0
0.0
0.0
0.0
0.0
0.0
0.0
0.00022953106798626093
0.0001210901028415049
0.00118749505192892
0.0
0.0
0.0
0.001236262815868506
0.000241694095274172
0.0
0.0
0.0002454382353558754
0.000615603263116526
0.0
0.00045784029758780406
0.0
0.0008491678297996648
0.0006251920989906152
0.0
0.0
0.0
0.0003111421143813759
0.0
0.0
0.0008081342165476004
0.0
0.0
0.0
0.0
0.0
0.000498806952218693
0.0
0.0005822630477059598
0.0
0.001020440663267733
