0.0
0.0
0.0004084990197502638
0.0
0.0004554692903138829
0.0
0.0
0.00041399742302481205
0.000380829384763538
0.0
0.0
0.0
0.0
0.0
0.0
0.0
0.0
0.0
0.0
0.0
0.0
0.0
0.0004702146989931094
0.0
0.0
0.00020456914917071112
0.0
0.0
0.0
0.0
0.0
0.0012599487838080427
0.00027738925479063
0.0
0.0
0.0
0.0
0.0
0.0036060603122781906
0.0036060603122781906
0.0
0.0
0.0
0.0
0.0
0.0
0.0
0.0
0.0
0.0
0.0
0.0
0.0
0.0
0.0
0.0
0.0
0.0
0.0
0.0
0.0
0.0
0.0
0.0
0.0005384951032753219
0.0
0.0001993437839421798
0.00010516467121487079
0.0010313190242215733
0.0
0.0
0.0
0.0
0.0002099071639021829
0.0007545147839543112
0.0
0.00021315888515301167
0.0005346408438449261
0.0006577091135601731
0.00039762642226641643
0.0006471271600004178
0.0
0.0005429685828456257
0.0
0.0
0.0003653939519778739
0.00027022157378828816
0.0007182400347257385
0.000310682558098834
0.0007018506648058222
0.0
0.0
0.0006284600303850212
0.0
0.0006115540880471785
0.0
0.0012020201040927301
0.0
0.0
0.0
