0.0
0.0
0.0
0.0
0.0
0.0
0.0
0.0007290726476265836
0.0006706618746921888
0.0
0.0
0.0
0.0
0.009795944190982715
0.0
0.0
0.0
0.0
0.0
0.0
0.0
0.0
0.0
0.0
0.0
0.0
0.0
0.0
0.0
0.0
0.0
0.0
0.0004884980127068304
0.0
0.0
0.0
0.0
0.0
0.0
0.0
0.0
0.0
0.0
0.0
0.0
0.0
0.0
0.0
0.0
0.0
0.0
0.0
0.0
0.0
0.0
0.0
0.0
0.0
0.0
0.0
0.0
0.0
0.0
0.0
0.0
0.0
0.0003510555676524496
0.0
0.0
0.0007578755176562759
0.0
0.0
0.0
0.0003696582713578383
0.0013287427906960682
0.0
0.0
0.0
0.0
0.0
0.0011396271707331377
0.0
0.0
0.0
0.0
0.0
0.0
0.0
0.0005471293844042633
0.0012359983274528527
0.0
0.0
0.0
0.0008670609735898071
0.0
0.0
0.0
0.0
0.0
0.0
