0.0
0.0
0.0
0.0
0.0
0.0
0.0
0.0
0.0
0.0
0.0
0.0
0.0
0.0
0.0
0.0
0.0
0.0
0.0
0.0
0.0
0.0
0.0
0.0
0.0
0.0
0.0
0.0
0.0
0.0
0.0
0.0
0.0005305039787798408
0.0
0.0
0.0
0.0
0.0
0.0
0.0
0.0
0.0
0.0
0.0
0.0
0.0
0.0
0.0
0.0
0.0
0.0
0.0
0.0
0.0
0.0
0.0
0.0
0.0
0.0
0.0
0.0
0.0
0.0
0.0
0.0
0.0009950248756218905
0.0
0.0
0.0
0.0008230452674897119
0.0
0.0
0.0
0.0
0.0
0.0
0.0
0.0
0.0
0.0007604562737642585
0.0
0.0014104372355430183
0.0
0.0013175230566534915
0.0
0.0006988120195667365
0.0
0.0
0.0005941770647653001
0.0
0.0
0.0
0.0
0.0
0.0011695906432748538
0.0008285004142502071
0.0
0.0
0.0
0.0
