0.0
0.0
0.0006436787038627491
0.0
0.0
0.0
0.0
0.0
0.0
0.0
0.0
0.0
0.0
0.0
0.0
0.0
0.0
0.0
0.0
0.0
0.0
0.0
0.0007409251267484881
0.0
0.0009962620809483903
0.0003223430128890136
0.0
0.0
0.0
0.0
0.0007449446120653876
0.0
0.0004370868652224502
0.0
0.0
0.0
0.0
0.0
0.0
0.0
0.0
0.0
0.0
0.0
0.0
0.0
0.0
0.0
0.0
0.0
0.0
0.0
0.0
0.0
0.0
0.0
0.0
0.0
0.0
0.0
0.0
0.0
0.0
0.0
0.0
0.0
0.0
0.00016570972263562324
0.0
0.0
0.0
0.0
0.0
0.0003307542115392689
0.0
0.0
0.00033587800283094935
0.0
0.0
0.0
0.0010196890358221767
0.0011620715669172338
0.0008555646323409333
0.0
0.0
0.0
0.0004257926309789761
0.0
0.0004895476773287694
0.0
0.0
0.0
0.000990274929019614
0.0
0.0
0.0
0.0
0.0
0.0
0.0
