0.0005560882028120054
0.0005560882028120054
0.0
0.0005560882028120054
0.000628263413804156
0.0005560882028120054
0.0
0.0
0.0
0.0
0.0
0.0
0.0
0.0
0.0
0.0
0.0
0.0
0.0
0.0
0.0
0.0
0.0
0.0
0.0
0.0
0.0
0.0
0.0
0.0007899741501064305
0.0
0.0017379431302341473
0.000382624084375157
0.0
0.0
0.0
0.0
0.0
0.0
0.0
0.0
0.0
0.0
0.0
0.0
0.0
0.0
0.0
0.0
0.0
0.0
0.0
0.0
0.0
0.0
0.0
0.0
0.0
0.0
0.0
0.0
0.0
0.0
0.0
0.0007427872286788579
0.0
0.0
0.00014506162490892418
0.0
0.0
0.0
0.0
0.0
0.0002895409068836496
0.0
0.0
0.0002940262531786266
0.0
0.0
0.0
0.000892631681989073
0.0
0.0
0.0
0.0
0.0
0.0003727371571303209
0.000990723075614246
0.0004285480683583904
0.0
0.0
0.0
0.0008668826911624652
0.0006791397354493136
0.0008435630398212527
0.0
0.0
0.0
0.0
0.0
