0.0005741923630660708
0.0005741923630660708
0.0005818183553880421
0.0005741923630660708
0.0
0.0005741923630660708
0.0
0.0
0.0005424089547681675
0.0
0.0
0.0
0.0
0.0
0.0
0.0
0.0
0.0
0.0
0.0
0.0
0.0
0.0
0.0
0.0
0.0002913644346231197
0.0
0.0
0.0
0.0
0.0
0.0
0.0
0.0
0.0
0.0
0.0
0.0
0.0
0.0
0.003431923939616101
0.003431923939616101
0.0
0.0
0.0
0.0
0.0
0.0
0.0
0.0
0.0
0.0
0.0
0.0
0.0
0.0
0.0
0.0
0.0
0.0
0.0
0.0
0.0
0.0
0.0
0.0
0.0
0.0001497842910089891
0.0
0.0
0.0
0.0
0.0
0.00029896728016727976
0.001074642849778779
0.0
0.0
0.0
0.0
0.0005663326957389307
0.0
0.0010503913891349703
0.0007733411161959438
0.0
0.0
0.0005204245247356351
0.0
0.0
0.00044249999696773255
0.0
0.0
0.0
0.0
0.0
0.0008710263098206946
0.0
0.0
0.0
0.0
0.0
