0.0
0.0
0.0
0.0
0.0
0.0
0.0
0.0
0.0
0.0
0.0
0.0
0.0
0.0
0.0
0.0
0.0
0.0
0.0
0.0
0.0
0.0
0.0005739857589769848
0.0006137232345984683
0.0007717922176328985
0.0
0.0
0.0
0.0
0.0006990932792797449
0.0005770996057707116
0.0
0.0
0.0
0.0
0.0
0.0
0.0
0.0
0.0
0.0029413463777991106
0.0029413463777991106
0.0
0.0
0.0
0.0
0.0
0.0
0.0
0.0
0.0
0.0
0.0
0.0
0.0
0.0
0.0
0.0
0.0
0.0
0.0
0.0
0.0
0.0
0.0
0.0006350966805795094
0.00024333669995516854
0.00012837332340756376
0.0
0.0005253268839361375
0.0
0.0
0.0
0.00025623129826672305
0.0
0.0
0.0002602006375794566
0.0
0.0008028580679023988
0.0
0.0
0.0
0.000662795601227837
0.0
0.0
0.0004460322599457771
0.000329856415494784
0.000876747477997812
0.00037924668091646294
0.0
0.0
0.0
0.0
0.0006010095706049031
0.0007465171508566164
0.0
0.001467292330994039
0.0006172844912789236
0.0
0.0
