0.0
0.0
0.00048420996741280783
0.0
0.0
0.0
0.0005113768632742524
0.0004907274412418004
0.0004514120599332804
0.0
0.0
0.0
0.0
0.0
0.0
0.0
0.0
0.0
0.0
0.0
0.0
0.0
0.0005573639912665414
0.0
0.0
0.00024248386474506808
0.0
0.0
0.0
0.0
0.0
0.0014934668874419133
0.00032880040227501004
0.0
0.0
0.0
0.0
0.0
0.0
0.0
0.0
0.0
0.0
0.0
0.0
0.0
0.006017366585324212
0.006017366585324212
0.0
0.0
0.0
0.0
0.0
0.0
0.0
0.0
0.0
0.0
0.0
0.0
0.005080235723675361
0.005080235723675361
0.0
0.0
0.0
0.0006167052321277551
0.0002362900336593191
0.000124655824273611
0.0
0.0
0.0
0.0
0.0
0.0002488112237207523
0.0008943560725662251
0.0
0.0
0.0
0.0
0.0
0.0
0.0008741731428609223
0.0
0.0
0.0
0.0
0.0
0.0
0.0
0.0008319312191790522
0.0
0.0
0.0
0.0005836052337932147
0.0007248991325010456
0.0005134952429895559
0.0
0.0005994088571454488
0.0008680514821966302
0.0
