0.0007710100231303007
0.0007710100231303007
0.0
0.0007710100231303007
0.0008710801393728223
0.0007710100231303007
0.0
0.0
0.0
0.0
0.0
0.0
0.0
0.0
0.0
0.0
0.0
0.0
0.0
0.0
0.0
0.0
0.0
0.0
0.0
0.0
0.0
0.0
0.0
0.0
0.0
0.0024096385542168677
0.0
0.0
0.0
0.0
0.0
0.0
0.0
0.0
0.0
0.0
0.0
0.0
0.0
0.0
0.0
0.0
0.0
0.0
0.0
0.0
0.0
0.0
0.0
0.0
0.0
0.0
0.0
0.0
0.0
0.0
0.0
0.0
0.0010298661174047373
0.0
0.0
0.00020112630732099757
0.0
0.0
0.0
0.0
0.0
0.0004014452027298274
0.0
0.0
0.0
0.0
0.0
0.0
0.0
0.0
0.0
0.0
0.0
0.0
0.0
0.0
0.0
0.0
0.0
0.0
0.0
0.0009416195856873823
0.0
0.0
0.0
0.0
0.0
0.0
