0.0005225757172444724
0.0005225757172444724
0.0005295161759891256
0.0005225757172444724
0.0005904013112073874
0.0005225757172444724
0.000559225004344951
0.0
0.0
0.0
0.0
0.0
0.0
0.0
0.0
0.0
0.0
0.0
0.0
0.0
0.0
0.0
0.0006095150227212956
0.0
0.0
0.0
0.0
0.007702053468932735
0.0
0.0007423665994152034
0.0
0.0
0.0003595653608838624
0.0
0.0
0.0
0.0
0.0
0.0
0.0
0.0
0.0
0.0
0.0
0.0
0.0
0.0
0.0
0.0
0.0
0.0
0.0
0.0
0.0
0.0
0.0
0.0
0.0
0.0
0.0
0.0
0.0
0.0
0.0
0.0
0.0006744086619562992
0.0002583990489005264
0.0
0.0
0.0
0.0
0.0
0.0
0.0
0.0
0.0
0.0002763068509034165
0.0
0.0008525543462466423
0.0005154225895559549
0.0
0.0009559671442398881
0.0
0.0
0.0
0.0
0.0
0.0009310174522885725
0.0004027217500095548
0.0
0.0
0.0
0.0008146402707525009
0.0
0.0
0.0005615415950837453
0.0
0.0
0.0
0.0
