0.0004921142359155027
0.0004921142359155027
0.0004986501281112555
0.0004921142359155027
0.000555986205559588
0.0004921142359155027
0.0
0.0
0.0004648741179769899
0.0
0.0
0.0
0.0
0.0
0.0
0.0
0.0
0.0
0.0
0.0
0.0
0.0
0.0005739857589769848
0.0
0.0007717922176328985
0.0
0.0
0.0
0.0
0.0006990932792797449
0.0
0.0
0.0
0.0
0.0
0.0
0.0
0.0
0.0
0.0
0.0
0.0
0.0
0.0
0.0
0.0
0.0
0.0
0.0
0.0
0.0
0.0
0.0
0.0
0.0
0.0
0.0
0.0
0.0
0.0
0.0
0.0
0.0
0.0
0.0
0.0006350966805795094
0.00024333669995516854
0.00012837332340756376
0.0
0.0
0.0
0.0
0.0
0.00025623129826672305
0.0
0.0
0.0
0.0
0.0
0.00048537807146951104
0.0007899407970079295
0.0
0.000662795601227837
0.0008409382924669395
0.0
0.0004460322599457771
0.0
0.0
0.00037924668091646294
0.0008567411597079289
0.0
0.0
0.0
0.0006010095706049031
0.0
0.0005288087522638004
0.0
0.0
0.0
0.0
