0.0007710100231303007
0.0007710100231303007
0.0
0.0007710100231303007
0.0
0.0007710100231303007
0.0008250825082508251
0.0
0.0
0.0
0.0
0.0
0.0
0.0
0.0
0.0
0.0
0.0
0.0
0.0
0.0
0.0
0.0
0.0
0.0
0.0
0.0
0.0
0.0
0.0
0.0
0.0
0.0
0.0
0.0
0.0
0.0
0.0
0.0
0.0
0.0
0.0
0.0
0.0
0.0
0.0
0.0
0.0
0.0
0.0
0.0
0.0
0.0
0.0
0.0
0.0
0.0
0.0
0.0
0.0
0.0
0.0
0.0
0.0
0.0
0.0
0.0003812428516965307
0.0
0.0
0.0
0.0
0.0
0.0
0.0
0.0
0.0
0.0
0.0
0.0
0.0
0.0
0.0
0.0010384215991692627
0.0
0.0
0.0006988120195667365
0.0
0.0
0.0
0.0
0.011764705882352941
0.0
0.0
0.0
0.0
0.0
0.0
0.0009671179883945841
0.0
0.0
