0.0
0.0
0.00034663867127555687
0.0
0.0
0.0
0.00036608704557154515
0.0003513044332800576
0.0
0.0
0.0
0.0
0.0
0.0
0.0
0.0
0.0
0.0
0.0
0.0
0.0
0.0
0.0003990085424754611
0.00042663221080068537
0.0005365145093503177
0.0001735905709048172
0.0004886536335162035
0.0
0.0031692678516622337
0.00048597754570943344
0.0004011731457800296
0.0
0.00023538328871761945
0.0
0.0
0.0
0.00210283174991807
0.00210283174991807
0.0
0.0
0.0
0.0
0.0
0.0
0.0
0.0
0.0
0.0
0.0
0.0
0.0
0.0
0.0
0.0
0.0
0.0
0.0
0.0
0.0
0.0
0.0
0.0
0.0
0.0
0.0
0.00044149004898777386
0.00016915649989809864
8.923923958823666e-05
0.0008751429965142264
0.0
0.0
0.0023983648607173664
0.0009110831606421206
0.00017812023253019379
0.0006402561316489361
0.0
0.0
0.0
0.0005581100619279405
0.0
0.0005491305683573177
0.0006258074742351378
0.00046074506670063626
0.0
0.0012823627145454124
0.0
0.00022930103319520036
0.0006094745868581219
0.00026363487773779727
0.0
0.0
0.0
0.0005332902635008567
0.00041779425539803457
0.0005189444435470325
0.0003676035619160834
0.0
0.00042910783291364867
0.0006214250689533791
0.0
