0.0
0.0
0.0
0.0
0.0
0.0
0.0
0.0
0.0
0.0
0.0
0.0
0.0
0.0
0.0
0.008582382718169987
0.0
0.0
0.0
0.0
0.0
0.0
0.0
0.0007922199432156911
0.0
0.0003223430128890136
0.0009073884812162102
0.0
0.0
0.0
0.0007449446120653876
0.0
0.0
0.0
0.0
0.0
0.0
0.0
0.0
0.0
0.0
0.0
0.0
0.0
0.0
0.0
0.0
0.0
0.0
0.0
0.0
0.0
0.0
0.0
0.0
0.0
0.0
0.0
0.0
0.0
0.0
0.0
0.0
0.0
0.0
0.0008198096924819092
0.00031410931793531026
0.0
0.0
0.0006781141900776286
0.0
0.0
0.0
0.0003307542115392689
0.0
0.0
0.00033587800283094935
0.0
0.0
0.0006265465710603185
0.0010196890358221767
0.0
0.0
0.0
0.0
0.0005757573311979866
0.0004257926309789761
0.0
0.0
0.0
0.0
0.0
0.0
0.0007758086072922022
0.0
0.0
0.0
0.0
0.0
0.0
