0.0
0.0
0.0
0.0
0.0008021069285299436
0.0
0.0
0.0
0.0
0.0
0.0
0.0
0.0
0.0
0.0
0.0
0.0
0.0
0.0
0.0
0.0
0.0
0.0
0.0
0.0
0.0003602577284633706
0.0
0.0
0.0
0.0
0.0
0.0
0.0004884980127068304
0.0019633662131180707
0.0
0.0
0.0
0.0
0.0
0.0
0.0
0.0
0.0
0.0
0.0
0.0
0.0
0.0
0.0
0.0
0.0
0.0
0.0
0.0
0.0
0.0
0.0
0.0
0.0
0.0
0.0
0.0
0.0
0.0
0.0
0.0
0.0
0.00018520087569436346
0.0
0.0
0.0
0.0
0.0
0.0003696582713578383
0.0
0.0
0.0
0.0
0.0
0.0
0.0011396271707331377
0.0
0.0
0.0
0.0
0.0
0.0004758753250399872
0.0
0.0005471293844042633
0.0
0.0
0.0
0.0
0.0008670609735898071
0.0
0.0007628987190989024
0.0
0.0
0.0
0.0015607097524616529
