0.0
0.0
0.0006012117801732236
0.0
0.0
0.0
0.0
0.0006093041002547317
0.000560488768114877
0.0
0.0
0.014250945900402335
0.0
0.0
0.0
0.0
0.0
0.006870991773408269
0.0
0.0
0.0
0.0
0.0006920423368900415
0.0
0.0009305333477892697
0.0
0.0
0.0
0.0
0.0
0.0
0.0
0.0
0.0
0.0
0.0
0.0
0.0
0.0
0.0
0.0035463183346623323
0.0035463183346623323
0.0
0.0
0.0
0.0
0.0
0.0
0.0
0.0
0.0
0.0
0.0
0.0
0.0
0.0
0.0
0.0
0.0
0.0
0.0
0.0
0.0
0.0
0.0
0.0
0.0
0.0
0.0
0.0006333753733512149
0.0
0.0
0.0
0.0003089325887682562
0.0
0.0
0.0
0.0007868620435804971
0.0
0.0
0.0
0.0
0.0
0.0
0.0
0.0
0.0003977008158251814
0.0
0.00045724960108242793
0.0010329544679486256
0.0
0.0
0.0009249412002664978
0.0
0.0
0.0
0.0017690829393602898
0.0
0.0
0.0
