0.0
0.0
0.0008569609476625442
0.0
0.0
0.0
0.0
0.0
0.0
0.0
0.0
0.0
0.0
0.0
0.0
0.0
0.0
0.0
0.0
0.0
0.0
0.0
0.0
0.0
0.0013263724462007937
0.00042915102230362147
0.0
0.0
0.0
0.0
0.0009917812052514072
0.0
0.0
0.0
0.0
0.0
0.0
0.0
0.0
0.0
0.0
0.0
0.0
0.0
0.0
0.0
0.0
0.0
0.0
0.0
0.0
0.0
0.0
0.0
0.0
0.0
0.0
0.0
0.0
0.0
0.0
0.0
0.0
0.0
0.0
0.0
0.0
0.00022061746037973782
0.0
0.0009028065950683592
0.0
0.0
0.0
0.0
0.0
0.0
0.0
0.001121584880376336
0.0
0.0
0.0
0.0
0.0
0.0
0.0
0.0007665339014731352
0.0
0.0
0.0
0.0
0.0
0.0
0.0
0.0
0.0
0.0
0.0
0.0
0.0
0.0
