0.0
0.0
0.0
0.0
0.0
0.0
0.0
0.0
0.0006219023775103876
0.0
0.0
0.0
0.0
0.0
0.0
0.0
0.0
0.0
0.0
0.0
0.0
0.0
0.0
0.0
0.0010324933063141017
0.0003340657137409085
0.0
0.0
0.0
0.0
0.0
0.0
0.00045298247444125304
0.0
0.0
0.0
0.0
0.0
0.0
0.0
0.0
0.0
0.0
0.0
0.0
0.0
0.0
0.0
0.0
0.0
0.0
0.0
0.0
0.0
0.0
0.0
0.0
0.0
0.0
0.0
0.0
0.0
0.0
0.0
0.0
0.0
0.0003255325826617469
0.0
0.0
0.0007027752792771704
0.0
0.0
0.0
0.0003427828038224657
0.0
0.0
0.00034809293286659684
0.0
0.0
0.0
0.0010567722330714878
0.0
0.0
0.0
0.0
0.0
0.0
0.0011729010498925303
0.0005073511374460856
0.0
0.0
0.007424973602797931
0.001026288418655964
0.0
0.0009986806600254527
0.0
0.0
0.0
0.0
0.0
