0.0005225757172444724
0.0005225757172444724
0.0
0.0005225757172444724
0.0005904013112073874
0.0005225757172444724
0.0
0.0
0.0004936494575863661
0.0
0.0
0.0
0.0
0.0
0.0
0.0
0.0
0.0
0.0
0.0
0.0
0.0
0.0
0.0006517122166020007
0.0
0.0
0.0007464545212181506
0.0
0.0
0.0
0.0006128216141646299
0.0
0.0
0.0
0.0
0.0
0.0
0.0
0.0
0.0
0.0
0.0
0.0
0.0
0.0
0.0
0.0
0.0
0.0
0.0
0.0
0.0
0.0
0.0
0.0
0.0
0.0
0.0
0.0
0.0
0.0
0.0
0.0
0.0
0.0
0.0006744086619562992
0.0002583990489005264
0.0
0.0013368455725169244
0.0
0.0
0.0
0.0
0.00027209181263190715
0.0
0.0
0.0002763068509034165
0.0
0.0008525543462466423
0.0
0.0
0.0009559671442398881
0.0007038221238484742
0.0008929917065429258
0.0
0.0004736413034703569
0.0003502742662873802
0.0
0.0
0.0
0.0
0.0
0.0
0.0
0.0
0.0005615415950837453
0.0
0.0
0.0
0.0
