0.0
0.0
0.0
0.0
0.0
0.0
0.0
0.0
0.0
0.0
0.0
0.0
0.0
0.0
0.0
0.0
0.0
0.0
0.0
0.0
0.0
0.0
0.0
0.0
0.0
0.0
0.0010141175704321314
0.0
0.0
0.0
0.0
0.0
0.0004884980127068304
0.0
0.0
0.0
0.0
0.0
0.0
0.0
0.0
0.0
0.0
0.0
0.0
0.0
0.0
0.0
0.0
0.0
0.0
0.0
0.0
0.0
0.0
0.0
0.0
0.0
0.0
0.0
0.0
0.0
0.0
0.0
0.0009483200349664009
0.0
0.0
0.00018520087569436346
0.0
0.0
0.0
0.0
0.0
0.0003696582713578383
0.0013287427906960682
0.0
0.0003753847345912659
0.0
0.0011582625835878933
0.0007002423984428708
0.0011396271707331377
0.0
0.0
0.0
0.0
0.0
0.0
0.0
0.0
0.0
0.0
0.0
0.0
0.0
0.0010769809987747079
0.0
0.0
0.0
0.001289662120381478
0.0
