0.0005069987040692319
0.0005069987040692319
0.0005137322806076514
0.0005069987040692319
0.0005728025428377995
0.0005069987040692319
0.0005425555438760676
0.0
0.0004789346825766889
0.0
0.0
0.0
0.0
0.0
0.0
0.0
0.0
0.0
0.0
0.0
0.0
0.0
0.0005913465100519729
0.0
0.0
0.0
0.0007242040960107862
0.0
0.0
0.0
0.0
0.0
0.00034884738417920093
0.0
0.0
0.0
0.0
0.0
0.0
0.0
0.0
0.0
0.0
0.0
0.0
0.0
0.0
0.0
0.0
0.0
0.0
0.0
0.0
0.0
0.0
0.0
0.0
0.0
0.0
0.0
0.0
0.0
0.0
0.0
0.0
0.0
0.0
0.00013225609798427068
0.0012969966847688242
0.0
0.0
0.0
0.0
0.0
0.0
0.0
0.0002680706560039926
0.0
0.0008271412819846462
0.0005000587978538356
0.0008138333158141012
0.0
0.0
0.0
0.0
0.00045952293443591463
0.0
0.0
0.0
0.0
0.0
0.0
0.0
0.0006191876828416138
0.0007690962797401098
0.0005448030813403428
0.0015116719981098708
0.0
0.0
0.0
