0.0005069987040692319
0.0005069987040692319
0.0005137322806076514
0.0005069987040692319
0.0005728025428377995
0.0005069987040692319
0.0
0.0
0.0004789346825766889
0.0
0.0
0.0
0.0
0.0
0.0
0.0
0.0
0.0
0.0
0.0
0.0
0.0
0.0005913465100519729
0.0
0.0
0.0002572681217440508
0.0
0.0
0.0
0.0
0.0005945545381354374
0.0
0.00034884738417920093
0.0
0.0
0.0
0.0
0.0
0.0
0.0
0.0
0.0
0.0
0.0
0.0
0.0
0.0
0.0
0.0
0.0
0.0
0.0
0.0
0.0
0.0
0.0
0.0
0.0
0.0
0.0
0.0
0.0
0.0
0.0
0.0
0.0006543057902266605
0.0002506966523743019
0.0
0.0
0.000541215900557855
0.0
0.0
0.0
0.0002639812602078659
0.0
0.0
0.0
0.0
0.0
0.0
0.0008138333158141012
0.0009274715362169165
0.0
0.0008663732795491355
0.0
0.00045952293443591463
0.00033983323988516473
0.0
0.0
0.0
0.0
0.0
0.0
0.0
0.0
0.0
0.0015116719981098708
0.0
0.0
0.0011145378291149049
