0.0
0.0
0.0006922317560102839
0.0
0.0
0.0
0.0
0.0
0.0006453435161639936
0.0
0.0
0.0
0.0
0.0
0.0
0.0
0.0
0.0
0.0
0.0
0.0
0.0
0.0
0.0008519775458588109
0.0
0.0
0.0009758333124374046
0.0
0.0
0.0
0.0
0.0
0.0
0.0
0.0
0.0
0.0
0.0
0.0
0.0
0.0
0.0
0.0
0.0
0.0
0.0
0.0
0.0
0.0
0.0
0.0
0.0
0.0
0.0
0.0
0.0
0.0
0.0
0.0
0.0
0.0
0.0
0.0
0.0
0.0
0.0
0.0003378027631312098
0.00017820930162774803
0.0
0.0
0.0
0.0
0.0
0.0
0.0
0.0
0.0
0.0
0.0011145366637649852
0.0006738073366487934
0.0
0.0
0.0009201003610520907
0.0
0.0
0.0006191870354249918
0.0004579104122445288
0.0
0.0
0.0
0.0
0.0
0.0
0.0
0.0
0.0007340982996629356
0.0020369118337773867
0.0
0.0
0.0
