0.0
0.0
0.0
0.0
0.0
0.0
0.0
0.0
0.0
0.0
0.0
0.0
0.0
0.0
0.0
0.0
0.0
0.0
0.0
0.0
0.0
0.0
0.0
0.0
0.0
0.0003912363067292645
0.0011013215859030838
0.0
0.0
0.0
0.0
0.0
0.0
0.0
0.0
0.0
0.0
0.0
0.0
0.0
0.0
0.0
0.0
0.0
0.0
0.0
0.0
0.0
0.0
0.0
0.0
0.0
0.0
0.0
0.0
0.0
0.0
0.0
0.0
0.0
0.0
0.0
0.0
0.0
0.0
0.0
0.0003812428516965307
0.00020112630732099757
0.0
0.0008230452674897119
0.0
0.0
0.0
0.0004014452027298274
0.001443001443001443
0.0
0.0
0.0
0.0
0.0
0.0012376237623762376
0.0
0.0
0.0
0.0
0.0006988120195667365
0.0
0.0
0.0
0.0013422818791946308
0.0
0.0
0.0
0.0
0.0
0.0
0.0
0.0
0.0
0.0
