7.893053871207293e-05
7.893053871207293e-05
7.997883492934266e-05
7.893053871207293e-05
8.917500758672353e-05
7.893053871207293e-05
8.446609629501535e-05
8.105535131398148e-05
7.456147757433256e-05
0.000376370987902789
0.0012484501062141294
0.0018957946057325667
0.0009306628064505327
0.001089073496910198
0.00113747676343954
0.0010663844657245688
0.0012043871612889248
0.000914043827763916
0.0012334085386693809
0.000905954944332377
0.0013124731885840845
0.0005783780153082407
9.206196826399155e-05
9.843548914380635e-05
0.0001237882813900346
4.005199871265986e-05
0.0001127454941735227
0.001163328508063166
0.0007312350622111328
0.00011212804896994371
9.256140027989023e-05
0.0002466817077338762
5.4309235389686256e-05
0.00021827912304809937
0.0009478973028662833
0.0009478973028662833
0.0
0.0
0.0007060200600659214
0.0007060200600659214
0.00047176455626524703
0.00047176455626524703
0.0008060858953508551
0.0008060858953508551
0.0
0.0
0.0
0.0
0.0
0.0
0.0
0.0
0.0
0.0
0.0
0.0
0.0
0.0
0.0
0.0
0.0008391222025373657
0.0008391222025373657
0.0
0.0
0.00010543039002014274
0.0001018635907557797
3.902893965290073e-05
2.0589885098463114e-05
0.0002019189520898592
8.425753803255852e-05
0.0010663844657245688
0.0005533670741057222
0.00021021131151860084
4.1097113090950866e-05
0.0
0.0004046360028045794
4.173375813679519e-05
0.0001046757757766448
0.00012877095435164602
7.785012069167955e-05
0.00012669914444252302
0.00014439056235480762
0.00010630623957378878
0.0001348786676015265
0.0002958754586981462
7.15394190842478e-05
5.2905895973932094e-05
0.0001406221273482948
6.082763440853156e-05
0.0001374133002812867
0.0012043871612889248
0.0008901992061700749
0.00012304436142975794
9.639633588470678e-05
0.00011973439615153054
8.481599727386793e-05
0.0002353400200219738
9.900668153729072e-05
0.00014337942396296723
0.0001735134045924722
