0.0
0.0
0.0
0.0
0.0
0.0
0.0
0.0006301504492035433
0.0
0.0
0.0
0.0
0.0
0.0
0.0
0.0
0.0
0.007106071583429243
0.0
0.0
0.0
0.0
0.0007157194400576216
0.0007652692474462262
0.0
0.0
0.0
0.0
0.0
0.0008717196246923058
0.0007196021856637208
0.0
0.0
0.0
0.0
0.0
0.0
0.0
0.0
0.0
0.0
0.0
0.0
0.0
0.0
0.0
0.0
0.0
0.0
0.0
0.0
0.0
0.0
0.0
0.0
0.0
0.0
0.0
0.0
0.0
0.0
0.0
0.0
0.0
0.0
0.0
0.0003034235674205395
0.00016007240895898534
0.0
0.000655045281764671
0.0
0.0
0.0
0.0003195022149113108
0.0
0.0
0.00032445169887650844
0.0
0.0
0.0006052319523529089
0.0
0.0
0.0
0.0
0.0
0.0005561705222530224
0.000411307502503398
0.0
0.00047289365261085875
0.0
0.0
0.0
0.0
0.0007494162121883947
0.0
0.0
0.0
0.0
0.0
0.0
