0.0
0.0
0.0
0.0
0.0
0.0
0.0
0.0006301504492035433
0.0
0.0
0.0
0.0
0.0
0.0
0.0
0.0
0.0
0.0
0.0
0.0
0.0
0.0
0.0
0.0
0.0
0.0003113771585853189
0.0008765198428899507
0.0
0.0
0.0
0.0007196021856637208
0.0
0.0004222175158324006
0.0
0.0
0.0
0.0
0.0
0.0
0.0
0.0
0.0
0.0
0.0
0.0
0.0
0.0
0.0
0.0
0.0
0.0
0.0
0.0
0.0
0.0
0.0
0.0
0.0
0.0
0.0
0.0
0.0
0.0
0.0
0.0
0.0
0.0003034235674205395
0.00016007240895898534
0.0015697830716845666
0.000655045281764671
0.0
0.0
0.0
0.0003195022149113108
0.0
0.0
0.00032445169887650844
0.0
0.0
0.0
0.0
0.0
0.0008264590003572951
0.0010485902731805997
0.0
0.0005561705222530224
0.000411307502503398
0.0
0.0
0.0010682953252940607
0.0
0.0
0.0
0.0
0.0
0.0
0.0
0.0
0.0
0.0
