0.0
0.0
0.0
0.0
0.0
0.0
0.0005950877879927154
0.0
0.0005253069184611588
0.0
0.0
0.0
0.0
0.0
0.0
0.0
0.0
0.0
0.0
0.0
0.0
0.0
0.0
0.0
0.0008721238198877521
0.0002821777774049965
0.0
0.0
0.0
0.0
0.0
0.0
0.000382624084375157
0.0
0.0
0.0
0.0
0.0
0.0
0.0
0.0
0.0
0.0
0.0
0.0
0.0
0.0
0.0
0.0
0.0
0.0
0.0
0.0
0.0
0.0
0.0
0.0
0.0
0.0
0.0
0.0
0.0
0.0
0.0
0.0
0.0
0.00027497003394859744
0.00014506162490892418
0.0014225767239589174
0.0
0.0
0.0
0.0
0.0002895409068836496
0.0
0.0
0.0002940262531786266
0.0
0.0009072281749021019
0.0005484763490853011
0.0
0.0
0.0
0.0
0.0
0.0
0.0003727371571303209
0.000990723075614246
0.0004285480683583904
0.0009681159718753973
0.0
0.0
0.0
0.0006791397354493136
0.0008435630398212527
0.0005975529403870513
0.0
0.0
0.0
0.0
