0.0005741923630660708
0.0005741923630660708
0.0
0.0005741923630660708
0.0006487173300493849
0.0005741923630660708
0.0006144616294527178
0.0
0.0005424089547681675
0.002737968731237845
0.0
0.0
0.0
0.0
0.0
0.0
0.0
0.0
0.0
0.0
0.0
0.0
0.0006697189702308398
0.0007160841297083596
0.0009005169224869333
0.0002913644346231197
0.0008201844657452576
0.0
0.005319482106404956
0.0
0.0
0.0
0.0
0.0
0.0
0.0
0.0
0.0
0.0
0.0
0.0
0.0
0.0
0.0
0.0
0.0
0.0
0.0
0.0
0.0
0.0
0.0
0.0
0.0
0.0
0.0
0.0
0.0
0.0
0.0
0.0
0.0
0.0
0.0
0.0
0.0
0.0002839220338912291
0.0
0.0
0.0
0.0
0.0
0.0
0.0
0.0
0.0
0.0
0.0
0.0
0.0
0.0009216924441790765
0.0
0.0
0.0
0.0
0.0
0.0
0.0
0.0
0.000999634221337844
0.0
0.0
0.0
0.0
0.0
0.0
0.0
0.0007202393567666285
0.0
0.0
