0.0
0.0
0.0
0.0
0.0
0.0
0.0
0.0
0.0007283321194464676
0.0
0.0
0.0
0.0
0.0
0.0
0.0
0.0
0.0
0.0
0.0
0.0
0.0
0.0
0.0
0.0012091898428053204
0.0003912363067292645
0.0
0.0
0.0
0.0
0.0
0.0
0.0
0.0
0.0
0.0
0.0
0.0
0.0
0.0
0.0
0.0
0.0
0.0
0.0
0.0
0.0
0.0
0.0
0.0
0.0
0.0
0.0
0.0
0.0
0.0
0.0
0.0
0.0
0.0
0.0
0.0
0.0
0.0
0.0
0.0
0.0003812428516965307
0.0
0.0
0.0
0.0
0.0
0.0
0.0004014452027298274
0.0
0.0
0.00040766408479412964
0.0
0.0
0.0
0.0
0.0
0.0
0.0
0.0
0.0
0.0005167958656330749
0.0013736263736263737
0.0
0.0
0.0
0.0
0.0
0.0009416195856873823
0.0011695906432748538
0.0
0.0
0.0
0.0
0.0
