0.000451061412512862
0.000451061412512862
0.0004570520718977985
0.000451061412512862
0.0005096050975863955
0.000451061412512862
0.00048269525744982014
0.0
0.0
0.0
0.0
0.0
0.0
0.0
0.0
0.0
0.0
0.0
0.0
0.0
0.0
0.0
0.0005261031043427896
0.0005625256269511366
0.0
0.00022888366667808373
0.0006443024802083503
0.0
0.0
0.0006407739890790603
0.000528957189899803
0.0014097027759739328
0.0003103589665937305
0.0
0.0
0.0
0.0
0.0
0.0
0.0
0.0
0.0
0.0
0.0
0.0
0.0
0.0
0.0
0.0
0.0
0.0
0.0
0.0
0.0
0.0
0.0
0.0
0.0
0.0
0.0
0.0
0.0
0.0
0.0
0.000602499126703586
0.0
0.0
0.00011766425020699557
0.0
0.0
0.0
0.0
0.0012012867598135155
0.00023485614292620717
0.0
0.0
0.0
0.0
0.0
0.0
0.0
0.0
0.0
0.0007707861028052465
0.0
0.0
0.0
0.0008036080385016237
0.00034760941891216995
0.0007852706738646738
0.0
0.0
0.0007031570336889207
0.0005508725536997948
0.0
0.0
0.0
0.0005657897988676809
0.0
0.0
