0.00029047857332467196
0.00029047857332467196
0.0002943364918766403
0.00029047857332467196
0.00032818006062900655
0.00029047857332467196
0.00031085042046377853
0.00029829826571821025
0.0002743996428274578
0.0
0.0
0.006976864992631473
0.0
0.0
0.0
0.003924486558355204
0.0
0.003363845621447317
0.0
0.003334077076124775
0.00483013730259102
0.0
0.0
0.00036226029769432654
0.0
0.00014739855618235508
0.0
0.0
0.0
0.0004126513796299009
0.0
0.0
0.00019986775045204217
0.000803306417062046
0.0
0.0
0.0017855483867398084
0.0017855483867398084
0.0
0.0
0.0
0.0
0.0
0.0
0.0
0.0
0.0
0.0
0.0
0.0
0.0
0.0
0.0
0.0
0.0
0.0
0.0
0.0
0.0027907459970525892
0.0027907459970525892
0.0
0.0
0.0
0.0
0.00038800279052739396
0.0
0.00014363351490739593
7.577447900283579e-05
0.0
0.0
0.0
0.0
0.0
0.00015124476499482118
0.0005436518176076473
0.0
0.0
0.00038522567443977464
0.00047390026365043967
0.0002865024407620529
0.0
0.0
0.0003912260743531667
0.0
0.0
0.0
0.00019470320909669225
0.0
0.0
0.0005057056504726168
0.004432361289436465
0.0
0.0004528253721179081
0.00035475584708295624
0.0
0.00031213811897439896
0.0008660935852921828
0.00036436238839661464
0.0005276620582662459
0.0006385605247493213
