0.0
0.0
0.0
0.0
0.0
0.0
0.0
0.0
0.0005253069184611588
0.0
0.008795687793258183
0.0
0.0
0.0
0.0
0.0
0.0
0.0
0.0
0.0
0.0
0.0
0.0006486028768409812
0.0
0.0
0.0002821777774049965
0.0
0.0
0.0
0.0
0.0
0.0
0.000382624084375157
0.0
0.0
0.0
0.003418229379370479
0.003418229379370479
0.0
0.0
0.0
0.0
0.0
0.0
0.0
0.0
0.0
0.0
0.0
0.0
0.0
0.0
0.0
0.0
0.0
0.0
0.0
0.0
0.0
0.0
0.0
0.0
0.0
0.0
0.0
0.0
0.00027497003394859744
0.00014506162490892418
0.0
0.0
0.0
0.0
0.0
0.0002895409068836496
0.0010407595945846624
0.0
0.0
0.0
0.0
0.0005484763490853011
0.0
0.0010172727772174484
0.0
0.0
0.0
0.0
0.0003727371571303209
0.0
0.0004285480683583904
0.0
0.0
0.0
0.0
0.0006791397354493136
0.0
0.0005975529403870513
0.001658037698959014
0.0
0.0010101490182733489
0.0
