0.0
0.0
0.0
0.0
0.0
0.0
0.0
0.0
0.0
0.0
0.0
0.0
0.0
0.0
0.0
0.0
0.0
0.0
0.0
0.0
0.0
0.0
0.0
0.0
0.0
0.0003602577284633706
0.0
0.0
0.0
0.0
0.0
0.0
0.0
0.0
0.0
0.0
0.0
0.0
0.0
0.0
0.004243404396093895
0.004243404396093895
0.0
0.0
0.0
0.0
0.0
0.0
0.0
0.0
0.0
0.0
0.0
0.0
0.0
0.0
0.0
0.0
0.0
0.0
0.0
0.0
0.0
0.0
0.0
0.0
0.0
0.00018520087569436346
0.0
0.0
0.0
0.0
0.0
0.0003696582713578383
0.0013287427906960682
0.0
0.0
0.0
0.0011582625835878933
0.0007002423984428708
0.0011396271707331377
0.0
0.0009561980830242733
0.0
0.0
0.0
0.0
0.0
0.0005471293844042633
0.0
0.0
0.0
0.0
0.0
0.0
0.0
0.002116824721729598
0.0
0.0
0.0
