0.0006136314705813995
0.0006136314705813995
0.0
0.0006136314705813995
0.0006932752764321213
0.0006136314705813995
0.0
0.0
0.0005796649798573017
0.0
0.0
0.0
0.0
0.0
0.0
0.0
0.0
0.007106071583429243
0.0
0.0
0.0
0.0
0.0
0.0007652692474462262
0.0
0.0003113771585853189
0.0
0.0
0.0
0.0
0.0
0.0
0.0004222175158324006
0.0
0.0
0.0
0.0
0.0
0.0
0.0
0.0
0.0
0.0
0.0
0.0
0.0
0.0
0.0
0.0
0.0
0.0
0.0
0.0
0.0
0.0
0.0
0.0
0.0
0.0
0.0
0.0
0.0
0.00598406028078252
0.00598406028078252
0.0008196498633821577
0.0
0.0
0.0
0.0
0.0
0.0
0.0
0.0
0.0
0.0
0.0
0.0
0.0
0.0
0.0
0.0
0.0
0.0
0.0
0.0
0.0
0.0
0.0
0.0
0.0
0.0
0.0
0.0009565865593077828
0.0007494162121883947
0.0
0.0
0.0
0.0007697098813772488
0.0
0.0
