0.0
0.0
0.0006670874721263766
0.0
0.0
0.0
0.0
0.0
0.0
0.0
0.0
0.0
0.0
0.0
0.0
0.0
0.0
0.0
0.0
0.0
0.0
0.0
0.0
0.0008210307349247713
0.0
0.0003340657137409085
0.0
0.0
0.0
0.0
0.0
0.0
0.00045298247444125304
0.0
0.0
0.0
0.0
0.0
0.0
0.0
0.0
0.0
0.0
0.0
0.0
0.0
0.0
0.0
0.0
0.0
0.0
0.0
0.0
0.0
0.0
0.0
0.0
0.0
0.0
0.0
0.0
0.0
0.0
0.0
0.0
0.0
0.0003255325826617469
0.0
0.0
0.0007027752792771704
0.0
0.0
0.0
0.0003427828038224657
0.0
0.0
0.0
0.0
0.0010740527853103925
0.0
0.0
0.0
0.0
0.0
0.0
0.0005966959918391069
0.00044127750094147906
0.0
0.0005073511374460856
0.0
0.0
0.0
0.0
0.0
0.0009986806600254527
0.0007074332761572179
0.0
0.0
0.0
0.001447240617494512
