0.00018822293317464036
0.00018822293317464036
0.0001907227690058661
0.00018822293317464036
0.00021265256474521652
0.00018822293317464036
0.00020142338640883546
0.00019328990049683972
0.00017780418377822912
0.0
0.002977135906433031
0.0
0.0022193194938864413
0.0
0.0
0.0
0.0
0.0
0.0
0.0
0.003129809542660366
0.0
0.0
0.00023473571569952747
0.00029519364489420625
9.55106198464431e-05
0.00026886029110959097
0.0
0.0
0.0
0.0002207279785963007
0.0
0.00012950936038594617
0.0
0.0
0.0
0.0011569912053436425
0.0011569912053436425
0.0016836216850173004
0.0016836216850173004
0.0
0.0
0.0019222452309252643
0.0019222452309252643
0.0
0.0
0.0
0.0
0.0
0.0
0.0
0.0
0.0
0.0
0.0027125016036389843
0.0027125016036389843
0.0
0.0
0.0018083344024259894
0.0018083344024259894
0.0
0.0
0.0018355274009587109
0.0018355274009587109
0.00025141621454944236
0.00024291059137065526
9.307096619424649e-05
4.909998880279738e-05
0.0004815091604092871
0.00020092604471399881
0.0
0.0
0.0
9.800286805600505e-05
0.0003522729355375304
0.0
9.952105353750859e-05
0.00024961671199131755
0.00030707565324214914
0.00018564649758745898
0.0003021350796132532
0.0003443231936918315
0.0
0.00032164050636035386
0.0007055640009465565
0.0001705975851345273
0.00012616286528553414
0.0003353367367136107
0.00014505356169192428
0.0
0.0
0.0
0.0
0.000229873017257541
0.00028552648459357726
0.00020225778320423244
0.0005612072283391001
0.0002360978184985576
0.0003419119668452501
0.00041377143106357384
