0.0
0.0
0.0
0.0
0.0
0.0
0.0
0.0006523426294095952
0.0
0.0
0.0
0.0
0.0
0.0
0.0
0.0
0.0
0.0
0.0
0.0
0.0
0.0
0.0
0.0007922199432156911
0.0
0.0
0.0
0.0
0.0
0.0
0.0
0.0
0.0004370868652224502
0.0
0.0
0.0
0.0
0.0
0.0
0.0
0.0
0.0
0.0
0.0
0.0
0.0
0.0
0.0
0.0
0.0
0.0
0.0
0.008157512286577413
0.008157512286577413
0.0
0.0
0.0
0.0
0.0
0.0
0.0
0.0
0.0061948025634911185
0.0061948025634911185
0.0
0.0008198096924819092
0.0
0.00016570972263562324
0.0
0.0
0.0
0.0
0.0016918043961895663
0.0
0.001188901502084154
0.0
0.0
0.0
0.0
0.0
0.0010196890358221767
0.0
0.0
0.0010855187627724886
0.0
0.0
0.0004257926309789761
0.0
0.0
0.0
0.0
0.0
0.0
0.0
0.0009636359543208407
0.0
0.0
0.0
0.0
0.0
