0.0
0.0
0.0
0.0
0.0
0.0
0.0
0.0
0.0
0.0
0.0
0.0
0.0
0.0
0.0
0.0
0.0
0.0
0.0
0.0
0.0
0.0
0.0006486028768409812
0.0006935061529299722
0.0
0.0002821777774049965
0.0007943242280255188
0.0
0.0
0.0007899741501064305
0.0
0.0
0.0
0.0
0.0
0.0
0.0
0.0
0.0
0.0
0.0
0.0
0.0
0.0
0.0
0.0
0.0
0.0
0.0
0.0
0.0
0.0
0.0
0.0
0.0
0.0
0.0
0.0
0.0
0.0
0.0
0.0
0.0
0.0
0.0
0.0
0.00027497003394859744
0.00014506162490892418
0.0014225767239589174
0.0
0.0
0.0
0.0
0.0
0.0
0.0
0.0002940262531786266
0.0
0.0009072281749021019
0.0005484763490853011
0.0
0.0010172727772174484
0.0007489578390936355
0.0
0.0
0.0005040156527233899
0.0003727371571303209
0.000990723075614246
0.0
0.0
0.0
0.0
0.0008668826911624652
0.0006791397354493136
0.0
0.0005975529403870513
0.0
0.0
0.0
0.0
