0.0003152932867952975
0.0003152932867952975
0.0
0.0003152932867952975
0.00035621549910583696
0.0003152932867952975
0.0003374054397471129
0.0003237809920613625
0.0
0.0
0.0
0.0
0.0
0.0
0.0
0.0042597436768073
0.0
0.0036512088658348287
0.0
0.0
0.0
0.0
0.0
0.0003932071086283662
0.0
0.0001599903728378329
0.00045036937552147676
0.0
0.0
0.00044790294958762416
0.00036974266995795733
0.0
0.0
0.0
0.0
0.0
0.0019380824311540327
0.0019380824311540327
0.0
0.0
0.0
0.0
0.0
0.0
0.0
0.0
0.0
0.0
0.0
0.0
0.0
0.0
0.0
0.0
0.0
0.0
0.0
0.0
0.0
0.0
0.0
0.0
0.0
0.0
0.0
0.0004069008885308466
0.0001559036953768589
8.224766552162124e-05
0.0008065786843658795
0.00033657233989588546
0.0
0.0
0.0008397030656540059
0.00016416515173564867
0.0005900943621551239
0.0
0.00016670827271646996
0.00041813434864366143
0.0
0.0003109774851509512
0.0005061081596206693
0.0
0.00042464734472845363
0.0005387818089242436
0.0
0.00028576896783612916
0.00021133612039974203
0.0
0.00024298003147563927
0.0005489065677496656
0.0
0.0
0.0004915088857854578
0.00038506157530461473
0.000478287009325732
0.00033880314248011667
0.0
0.0
0.0005727386456211497
0.0
