0.0006136314705813995
0.0006136314705813995
0.0006217812635500588
0.0006136314705813995
0.0006932752764321213
0.0006136314705813995
0.0
0.0
0.0
0.0
0.0
0.0
0.0
0.0
0.0
0.0
0.0
0.0
0.0
0.0
0.0
0.0
0.0
0.0
0.0
0.0
0.0
0.0
0.0
0.0
0.0
0.0
0.0004222175158324006
0.0
0.0
0.0
0.0
0.0
0.0
0.0
0.0
0.0
0.0
0.0
0.0
0.0
0.0
0.0
0.0
0.0
0.0
0.0
0.0
0.0
0.0
0.0
0.0
0.0
0.0
0.0
0.0
0.0
0.0
0.0
0.0
0.0007919204152677364
0.0003034235674205395
0.0
0.0
0.0
0.0
0.0
0.0
0.0
0.0
0.0
0.00032445169887650844
0.0
0.0
0.0006052319523529089
0.0
0.0
0.0008264590003572951
0.0
0.0023002312640002173
0.0005561705222530224
0.0
0.0
0.0
0.0
0.0
0.0
0.0
0.0
0.0
0.0
0.001829609235273736
0.0
0.0
0.0013489491819391106
