0.000323991058892205
0.000323991058892205
0.0003282940651431171
0.000323991058892205
0.00036604216322577514
0.000323991058892205
0.00034671320411154284
0.0
0.0003060571037022505
0.0015449132477323158
0.0
0.0
0.0
0.004470387270033935
0.0
0.0
0.0
0.0
0.0
0.0
0.0
0.0
0.0
0.000404054234022298
0.0005081214067511365
0.00016440391368669402
0.0
0.0
0.003001545738451356
0.00046025893032112803
0.0
0.0
0.00022292647394333678
0.0
0.0
0.0
0.0
0.0
0.0
0.0
0.0019364811215815201
0.0019364811215815201
0.0
0.0
0.0
0.0
0.0
0.0
0.0
0.0
0.0
0.0
0.0
0.0
0.0
0.0
0.0
0.0
0.0
0.0
0.0034443967490425404
0.0034443967490425404
0.0
0.0
0.0
0.00041812577451063665
0.00016020449995546697
8.451657348817173e-05
0.0
0.0
0.0
0.0
0.0
0.00016869385924656358
0.0
0.0
0.0001713071355006889
0.00042966912411369115
0.0
0.0003195562002913991
0.0005200698061673142
0.0
0.000436361789598328
0.0
0.0
0.0
0.00021716609993963299
0.0
0.00024968294912845507
0.0005640488636015972
0.0
0.0
0.0005050677925278725
0.0
0.0004914811735475906
0.00034814946427770495
0.0009660147204211261
0.0004063988427303577
0.0
0.0007122311921748981
