0.0
0.0
0.0
0.0
0.0
0.0
0.0
0.0
0.0
0.0
0.012195121951219513
0.0
0.0
0.0
0.0
0.0
0.0
0.0
0.0
0.0
0.0
0.0
0.0008992805755395684
0.0
0.0
0.0
0.0
0.0
0.0
0.001095290251916758
0.0009041591320072332
0.0
0.0
0.0
0.009259259259259259
0.009259259259259259
0.0
0.0
0.0
0.0
0.0
0.0
0.0
0.0
0.0
0.0
0.0
0.0
0.0
0.0
0.0
0.0
0.0
0.0
0.0
0.0
0.0
0.0
0.0
0.0
0.0
0.0
0.0
0.0
0.0010298661174047373
0.0
0.0
0.0
0.0
0.0008230452674897119
0.0
0.0
0.0
0.0
0.0
0.0
0.0
0.0
0.0
0.0
0.0012376237623762376
0.0
0.0
0.0
0.0
0.0
0.0
0.0
0.0
0.0
0.0
0.0
0.0
0.0
0.0
0.0
0.0
0.0009671179883945841
0.0
0.0
