0.000451061412512862
0.000451061412512862
0.0
0.000451061412512862
0.0005096050975863955
0.000451061412512862
0.00048269525744982014
0.0
0.00042609370140508527
0.0
0.0
0.0
0.0
0.0
0.0
0.0
0.0
0.0
0.0
0.0
0.0
0.0
0.0005261031043427896
0.0
0.0
0.00022888366667808373
0.0
0.0
0.0
0.0006407739890790603
0.000528957189899803
0.0
0.0
0.001247391582151774
0.0
0.0
0.0
0.0
0.0
0.0
0.0
0.0
0.0
0.0
0.0
0.0
0.0
0.0
0.0
0.0
0.0
0.0
0.0
0.0
0.0
0.0
0.0
0.0
0.0
0.0
0.0
0.0
0.0
0.0
0.0
0.0005821160716708278
0.00022303722913807932
0.00011766425020699557
0.0
0.0
0.0
0.0
0.0
0.00023485614292620717
0.0
0.0
0.00023849435467965024
0.0
0.0
0.00044488718785489124
0.0
0.0008251433738070269
0.0
0.0
0.0
0.0
0.0003023393550538408
0.0
0.00034760941891216995
0.0007852706738646738
0.0
0.0
0.0007031570336889207
0.0005508725536997948
0.000684241698279745
0.00048469482355358907
0.0
0.0
0.0
0.0
