0.0
0.0
0.0
0.0
0.0008350237934161803
0.0
0.0
0.0007589923316245249
0.0
0.0
0.0
0.0
0.0
0.0
0.0
0.0
0.0
0.0
0.0
0.0
0.0
0.0
0.0
0.0
0.001159138228345556
0.00037504198546235327
0.0
0.0
0.0
0.0010499532473622947
0.0
0.0
0.0
0.0
0.0
0.0
0.0
0.0
0.0
0.0
0.0
0.0
0.0
0.0
0.0
0.0
0.0
0.0
0.0
0.0
0.0
0.0
0.0
0.0
0.0
0.0
0.0
0.0
0.0
0.0
0.0
0.0
0.0
0.0
0.0
0.0
0.0
0.00019280114940502312
0.0
0.0
0.0
0.0
0.0
0.0003848283078449518
0.0
0.0
0.0
0.0
0.0
0.0
0.0
0.0
0.0
0.0
0.0
0.0
0.0004954042970758527
0.0
0.0
0.0012867212279755369
0.0
0.0
0.001152172253415595
0.0009026434226382062
0.0
0.0
0.0
0.0
0.0
0.0
