0.000658343842962037
0.000658343842962037
0.0
0.000658343842962037
0.000743790909687946
0.000658343842962037
0.0
0.0
0.0
0.0
0.0
0.0
0.0
0.0
0.0
0.0
0.0
0.0
0.0
0.0
0.0
0.0
0.0
0.0
0.0
0.0
0.0
0.0
0.0
0.0009352376389066397
0.0
0.0020575228055946075
0.0
0.0018206225252063155
0.0
0.0
0.0
0.0
0.0
0.0
0.0
0.0
0.0
0.0
0.0
0.0
0.0
0.0
0.0
0.0
0.0
0.0
0.0
0.0
0.0
0.0
0.0
0.0
0.0
0.0
0.0
0.0
0.0
0.0
0.0008793738046568095
0.0
0.0
0.0
0.0
0.0
0.0
0.0
0.0
0.0
0.0
0.0
0.0
0.0008730797181204111
0.0
0.0
0.0
0.0
0.0008866790906768038
0.0
0.0
0.0
0.0
0.0
0.0
0.0
0.0
0.0
0.001026288418655964
0.0
0.0
0.0007074332761572179
0.0
0.0008257949364813946
0.0
0.0
