0.0006352418974127361
0.0006352418974127361
0.0
0.0006352418974127361
0.0
0.0006352418974127361
0.0
0.0
0.0
0.0
0.0
0.0
0.0
0.0
0.0
0.0
0.0
0.0
0.0
0.0
0.0
0.0
0.0
0.0007922199432156911
0.0
0.0
0.0
0.0
0.0
0.0
0.0
0.0
0.0004370868652224502
0.0
0.0
0.0
0.0039047807627692836
0.0039047807627692836
0.0
0.0
0.0
0.0
0.0
0.0
0.0
0.0
0.0
0.0
0.0
0.0
0.0
0.0
0.008157512286577413
0.008157512286577413
0.0
0.0
0.007999113989750667
0.007999113989750667
0.0
0.0
0.0
0.0
0.0
0.0
0.0008485156961321512
0.0
0.0
0.0
0.0
0.0
0.0
0.0
0.0
0.0
0.0
0.0
0.0
0.000842442475403189
0.0
0.0
0.0010196890358221767
0.0
0.0
0.0
0.0
0.0
0.0
0.0
0.0
0.0
0.0
0.0
0.0
0.0
0.0
0.0
0.0
0.0
0.0
0.0
