0.0
0.0
0.0005295161759891256
0.0
0.0
0.0
0.0
0.0
0.0004936494575863661
0.00249184082818412
0.0
0.0
0.0
0.0
0.0
0.0
0.0
0.0
0.0
0.0
0.0
0.0
0.0
0.0
0.0
0.0002651724199006576
0.0
0.0
0.0
0.0007423665994152034
0.0006128216141646299
0.0016332065187134475
0.0
0.0
0.0
0.0
0.0032122308306449326
0.0032122308306449326
0.0
0.0
0.0
0.0
0.0
0.0
0.0
0.0
0.0
0.0
0.0
0.0
0.0
0.0
0.0
0.0
0.0
0.0
0.0
0.0
0.0
0.0
0.0
0.0
0.0
0.0
0.0
0.0
0.0002583990489005264
0.0
0.0
0.0
0.0
0.0
0.0
0.00027209181263190715
0.0
0.0
0.0
0.0006930273059980376
0.0008525543462466423
0.0005154225895559549
0.0
0.0
0.0
0.0
0.0
0.0004736413034703569
0.0003502742662873802
0.0
0.0004027217500095548
0.0
0.0
0.0
0.0008146402707525009
0.0006382115868795486
0.0
0.0005615415950837453
0.0
0.0
0.0
0.0011487808563831875
