0.0005933315949280849
0.0005933315949280849
0.0
0.0005933315949280849
0.0006703406608203189
0.0005933315949280849
0.0
0.0006093041002547317
0.0
0.0
0.0
0.0
0.0
0.0
0.008550567540241402
0.0
0.0
0.0
0.0
0.0
0.0
0.0
0.0
0.0007399529602131982
0.0009305333477892697
0.0
0.0
0.0
0.0
0.0
0.0
0.0018543399484860872
0.0
0.0
0.0
0.0
0.0
0.0
0.0
0.0
0.0
0.0
0.006059457311982095
0.006059457311982095
0.0
0.0
0.0
0.0
0.0
0.0
0.0
0.0
0.0
0.0
0.0
0.0
0.0
0.0
0.0
0.0
0.0
0.0
0.0
0.0
0.0
0.0007657224662902747
0.0
0.00015477696673807845
0.0
0.0
0.0
0.0
0.0
0.0
0.0011104633169144677
0.0
0.0
0.0
0.0
0.0
0.0
0.0010854034959403753
0.0
0.0
0.0
0.0
0.0003977008158251814
0.0
0.0
0.0
0.0
0.0
0.0
0.0
0.0
0.0
0.0
0.0
0.0
0.0
