0.0003515281076713372
0.0003515281076713372
0.0003561968403513472
0.0003515281076713372
0.0
0.0003515281076713372
0.0
0.00036099125546296465
0.0003320698875817366
0.0
0.0
0.0
0.0
0.0
0.0
0.0
0.0
0.0
0.0
0.0
0.0
0.0025758867550831886
0.00041001075148356514
0.0004383961112016581
0.0005513082897820125
0.000178377134448249
0.0005021277044600489
0.0
0.0
0.0
0.0004122350412746152
0.0
0.0002418737165250527
0.0
0.0
0.0
0.0
0.0
0.0
0.0
0.0
0.0
0.0
0.0
0.0
0.0
0.0
0.0
0.0
0.0
0.0
0.0
0.0
0.0
0.0
0.0
0.0
0.0
0.0
0.0
0.0
0.0
0.0
0.0
0.0
0.0004536636374624123
0.0001738207989514771
9.16999106294699e-05
0.0
0.0
0.0
0.0
0.0
0.00018303169636681027
0.0006579104699130222
0.0
0.0001858670834283426
0.0
0.0
0.00034671631608344057
0.0005642722223387678
0.0006430634071223193
0.00047344959049815615
0.000600700863833629
0.0
0.0003186107307125956
0.00023562374968978003
0.0006262801588595116
0.00027090431114065624
0.0006119892022143951
0.0
0.0
0.0
0.0
0.0005332537492979233
0.0
0.0
0.0004409399957927702
0.0006385601619744039
0.0007727660265249565
