0.0005560882028120054
0.0005560882028120054
0.0
0.0005560882028120054
0.000628263413804156
0.0005560882028120054
0.0
0.0005710581148433658
0.0
0.0
0.0
0.0
0.0
0.0
0.0
0.0
0.0
0.0
0.0
0.0
0.0
0.0
0.0
0.0006935061529299722
0.0
0.0002821777774049965
0.0007943242280255188
0.0
0.0
0.0
0.0006521215181258327
0.0
0.0
0.0
0.0
0.0
0.0
0.0
0.0
0.0
0.0
0.0
0.0
0.0
0.0
0.0
0.0
0.0
0.0
0.0
0.0
0.0
0.0
0.0
0.0
0.0
0.0
0.0
0.0
0.0
0.0
0.0
0.0
0.0
0.0
0.0
0.0
0.00014506162490892418
0.0
0.0
0.0
0.0
0.0
0.0002895409068836496
0.0
0.0028507762808188575
0.0002940262531786266
0.0
0.0
0.0005484763490853011
0.0
0.0
0.0
0.0
0.0
0.0
0.0003727371571303209
0.0
0.0004285480683583904
0.0
0.0
0.0
0.0
0.0
0.0008435630398212527
0.0
0.0
0.0
0.0010101490182733489
0.0
