0.0
0.0
0.0
0.0
0.0
0.0
0.0007597514471554251
0.0
0.0
0.0
0.0
0.0
0.0
0.0
0.0
0.0
0.0
0.0
0.0
0.0
0.0
0.0
0.0
0.00088540264803113
0.0
0.0
0.0010141175704321314
0.0
0.0
0.0
0.0
0.0
0.0
0.0
0.0
0.0
0.004364069923944907
0.004364069923944907
0.0
0.0
0.0
0.0
0.0
0.0
0.0
0.0
0.0
0.0
0.0
0.0
0.0
0.0
0.0
0.0
0.0
0.0
0.0
0.0
0.0
0.0
0.0
0.0
0.0
0.0
0.0
0.0
0.0003510555676524496
0.00018520087569436346
0.0018162105600638566
0.0
0.0
0.0
0.0018907982627358836
0.0
0.0
0.0
0.0
0.0009415324682539625
0.0
0.0
0.0
0.0
0.0
0.0
0.0
0.0
0.0
0.0012648609257587572
0.0
0.0
0.0
0.0
0.0
0.0
0.0010769809987747079
0.0
0.0
0.0
0.0
0.0
