0.0003152932867952975
0.0003152932867952975
0.00031948077576054757
0.0003152932867952975
0.00035621549910583696
0.0003152932867952975
0.0003374054397471129
0.0003237809920613625
0.000297840781481064
0.0
0.0
0.0
0.0
0.0
0.0
0.0
0.0
0.0
0.0
0.0
0.0
0.0
0.0003677476555517094
0.0
0.0004944805235471595
0.0001599903728378329
0.0
0.0
0.0
0.0
0.0
0.0009853864890927732
0.00021694185303633995
0.0008719304754232427
0.0
0.0
0.0
0.0
0.0
0.0
0.0
0.0
0.0
0.0
0.0
0.0
0.0
0.0
0.0
0.0
0.0
0.0
0.0
0.0
0.0
0.0
0.003970246533723309
0.003970246533723309
0.0
0.0
0.003351929450602466
0.003351929450602466
0.0
0.0
0.0
0.0004069008885308466
0.0001559036953768589
8.224766552162124e-05
0.0
0.00033657233989588546
0.0
0.0
0.0
0.00016416515173564867
0.0
0.0016163454267727306
0.00016670827271646996
0.00041813434864366143
0.0005143841421050325
0.0
0.0
0.0005767777051812424
0.0
0.0
0.0
0.00028576896783612916
0.00021133612039974203
0.0
0.00024298003147563927
0.0
0.0
0.0
0.0004915088857854578
0.00038506157530461473
0.000478287009325732
0.00033880314248011667
0.0009400813631574732
0.0003954887746358809
0.0
0.0006931108355483065
