0.0003921652322017943
0.0003921652322017943
0.0
0.0003921652322017943
0.0
0.0003921652322017943
0.0
0.0004027223326727848
0.0
0.0
0.0
0.0
0.0
0.0
0.0
0.0
0.0
0.0
0.0
0.0
0.0
0.0
0.0004574085487101864
0.0004890752943901224
0.0
0.00019899777236530801
0.000560174345997497
0.0
0.0
0.0005571065784947724
0.0
0.0012256344726884994
0.0
0.0
0.0
0.0
0.0
0.0
0.0
0.0
0.0
0.0
0.0
0.0
0.005589431935887113
0.005589431935887113
0.0
0.0
0.0
0.0
0.0
0.0
0.0
0.0
0.0
0.0
0.0
0.0
0.0
0.0
0.0
0.0
0.0
0.0
0.0005238293575342196
0.0005061077673290818
0.0
0.0
0.0
0.0
0.0
0.0
0.0010444318401760314
0.0002041904079348564
0.0
0.0
0.0002073535695742875
0.0005200800676541179
0.0
0.000386797191000553
0.0
0.0
0.0005281810032873595
0.0006701426958705234
0.0014700529079934312
0.0003554425619606759
0.000262862173729058
0.0006986789919858892
0.00030222121578474584
0.0006827359814305064
0.0
0.0
0.000611344117987653
0.0
0.000594898603702605
0.0
0.0
0.0004919132554794267
0.0
0.0
