0.0
0.0
0.0
0.0
0.0
0.0
0.0
0.0008684956555883265
0.0
0.0
0.0
0.0
0.0
0.0
0.0
0.0
0.0
0.0
0.0
0.0
0.0
0.0
0.0009864298678130005
0.0
0.0
0.0
0.0
0.0
0.0
0.0
0.0
0.0
0.0005819151262642209
0.0
0.0
0.0
0.0
0.0
0.0
0.0
0.0
0.0
0.0
0.0
0.0
0.0
0.0
0.0
0.0
0.0
0.0
0.0
0.0
0.0
0.0
0.0
0.0
0.0
0.0
0.0
0.0
0.0
0.0
0.0
0.0
0.0
0.0
0.0
0.0
0.0
0.0
0.0
0.0
0.00044034926254839685
0.0
0.0
0.0
0.0
0.0013797610226516433
0.000834152101146811
0.0
0.0
0.0
0.0
0.0
0.0
0.0
0.0015067445233627151
0.0
0.001472362433567861
0.0
0.0
0.0
0.0
0.0
0.0
0.0
0.0
0.0
0.0
