0.0
0.0
0.0006012117801732236
0.0
0.0
0.0
0.0
0.0
0.0
0.0
0.0
0.0
0.0
0.0
0.0
0.0
0.0
0.0
0.0
0.0
0.0
0.0
0.0
0.0
0.0
0.0
0.0
0.0
0.0
0.0
0.0
0.0018543399484860872
0.0004082499090831438
0.0
0.0
0.0
0.0036471615100555745
0.0036471615100555745
0.0
0.0
0.0
0.0
0.0
0.0
0.0
0.0
0.0
0.0
0.0
0.0
0.0
0.0
0.0
0.0
0.0
0.0
0.0
0.0
0.0
0.0
0.0
0.0
0.0
0.0
0.0
0.0
0.00029338584773988796
0.00015477696673807845
0.0015178522260783553
0.0
0.0
0.0
0.0
0.0003089325887682562
0.0
0.0
0.0
0.0
0.000967988778140536
0.0005852099457199438
0.0
0.0
0.0
0.0
0.002224136065380711
0.0005377715434114089
0.0
0.0
0.0
0.0010329544679486256
0.0
0.0
0.0
0.0007246243678170679
0.0
0.0
0.0017690829393602898
0.0
0.0
0.0013043238620707221
