0.0
0.0
0.0
0.0
0.0
0.0
0.0
0.0
0.0
0.0
0.0
0.0
0.007235272884946138
0.0
0.0
0.0
0.0
0.0
0.0
0.0
0.0
0.0
0.0
0.0007652692474462262
0.0
0.0
0.0
0.0
0.0
0.0
0.0007196021856637208
0.0
0.0004222175158324006
0.0
0.0
0.0
0.0037719432101614944
0.0037719432101614944
0.0
0.0
0.0
0.0
0.0
0.0
0.0
0.0
0.0
0.0
0.0
0.0
0.0
0.0
0.0
0.0
0.0
0.0
0.0
0.0
0.0
0.0
0.0
0.0
0.0
0.0
0.0
0.0007919204152677364
0.0
0.00016007240895898534
0.0
0.0
0.0
0.0
0.0
0.0
0.0
0.0
0.00032445169887650844
0.0008137832488180729
0.0010011069400554405
0.0
0.0009850000214654397
0.0
0.0
0.0
0.0
0.0005561705222530224
0.0
0.0010932417820660374
0.0
0.0
0.0
0.0
0.0009565865593077828
0.0
0.0009308538214550587
0.0
0.0
0.0
0.0
0.0
