0.0005225757172444724
0.0005225757172444724
0.0
0.0005225757172444724
0.0
0.0005225757172444724
0.0
0.0005366434721029934
0.0004936494575863661
0.0
0.0
0.0
0.0
0.0
0.0
0.0
0.0
0.0
0.0
0.0
0.0
0.0
0.0
0.0
0.0
0.0
0.0
0.0
0.0
0.0
0.0
0.0
0.0
0.001445161418477784
0.0
0.0
0.0
0.0
0.004674349691490212
0.004674349691490212
0.0
0.0
0.0
0.0
0.0
0.0
0.0
0.0
0.0
0.0
0.0
0.0
0.0
0.0
0.0
0.0
0.0
0.0
0.0
0.0
0.0
0.0
0.0
0.0
0.0
0.0
0.0002583990489005264
0.00013631953042358822
0.0
0.000557844201865087
0.0
0.0
0.0
0.0
0.0
0.0
0.0002763068509034165
0.0
0.0
0.0
0.0
0.0
0.0007038221238484742
0.0
0.0019589037724453196
0.0
0.0
0.0
0.0004027217500095548
0.000909772758746417
0.0
0.0
0.0
0.0
0.0007927259710714394
0.0005615415950837453
0.0
0.0006554939122495945
0.0009492726964510934
0.0
