0.0001600680882819939
0.0001600680882819939
0.00016219399257948915
0.0001600680882819939
0.00018084347604681718
0.0001600680882819939
0.00017129398556249678
0.00016437712628800165
0.00015120780080243708
0.0007632658474328901
0.0
0.0
0.0
0.0
0.0
0.0
0.0
0.0
0.0
0.0
0.0
0.0011729283079194696
0.0
0.0001996233754824482
0.0002510378603406845
8.122390864700552e-05
0.00022864351376844288
0.0
0.0014829165035839006
0.00022739135870947
0.00018771094982074693
0.0005002609891608341
0.00011013703474893692
0.0004426616428608659
0.0
0.0
0.0009839256421883703
0.0009839256421883703
0.00143178145173618
0.00143178145173618
0.0
0.0
0.0016347111063129615
0.0016347111063129615
0.0
0.0
0.0
0.0
0.0
0.0
0.0
0.0
0.0020555278267499616
0.0020555278267499616
0.0
0.0
0.002015614665065496
0.002015614665065496
0.0
0.0
0.0017017074631290666
0.0017017074631290666
0.0
0.0
0.00021380876467739043
0.00020657543333507073
7.914918433158449e-05
4.1755492860367274e-05
0.0004094838471434835
0.00017087103744999678
0.002162586567726522
0.0011222070837932222
0.00042630043224177846
8.334336029777042e-05
0.00029957909163311127
0.0
8.463445189634982e-05
0.00021227843609585495
0.00026114252893301394
0.00015787704220665102
0.0002569409783437452
0.00029281849153983935
0.000215584953792052
0.0
0.0006000240187911737
0.00014507918274056332
0.00010729111653837007
0.00028517625068921173
0.00012335609655481054
0.0
0.0
0.0
0.00024952921935306025
0.0
0.0002428167374289428
0.00017200357125248227
0.00047726048391206
0.00020078173162644693
0.0
0.00035187849237584086
