0.0
0.0
0.0
0.0
0.0
0.0
0.0
0.0
0.0006706618746921888
0.0
0.0
0.0
0.0
0.0
0.0
0.0
0.0
0.0
0.0
0.0
0.0
0.0
0.0
0.0
0.0
0.0
0.0
0.0
0.0
0.0
0.0
0.0
0.0
0.0019633662131180707
0.0
0.0
0.0
0.0
0.0
0.0
0.0
0.0
0.007250541369703742
0.007250541369703742
0.0
0.0
0.0
0.0
0.0
0.0
0.0
0.0
0.0
0.0
0.0
0.0
0.0
0.0
0.0
0.0
0.0
0.0
0.0
0.0
0.0009483200349664009
0.0
0.0003510555676524496
0.00018520087569436346
0.0
0.0
0.0
0.0
0.0
0.0003696582713578383
0.0
0.0
0.0003753847345912659
0.0
0.0
0.0
0.0
0.0
0.0
0.0
0.0
0.0
0.0
0.0
0.0
0.0
0.0
0.0
0.0
0.0
0.0
0.0007628987190989024
0.002116824721729598
0.0
0.001289662120381478
0.0
