0.0
0.0
0.0
0.0
0.0
0.0
0.0
0.0
0.0
0.0
0.0
0.0
0.0
0.0
0.0
0.0
0.0
0.0
0.0
0.0
0.0
0.0
0.0
0.0
0.0013263724462007937
0.0
0.0
0.0
0.0
0.0
0.0
0.0
0.0
0.0
0.0
0.0
0.0
0.0
0.0
0.0
0.0
0.0
0.0
0.0
0.0
0.0
0.0
0.0
0.0
0.0
0.0
0.0
0.0
0.0
0.0
0.0
0.0
0.0
0.0
0.0
0.0
0.0
0.0
0.0
0.0
0.0
0.00041818910141367
0.0
0.0
0.0
0.0
0.0
0.002252381956895393
0.00044034926254839685
0.0
0.0
0.0
0.0
0.0
0.0
0.0
0.0
0.0
0.0014452042332121957
0.0
0.0
0.0
0.0
0.0006517587718407942
0.0
0.0
0.0
0.0
0.0
0.001282935687728721
0.0
0.002521632213811624
0.0
0.0
0.0
