0.00017104760957313523
0.00017104760957313523
0.00017331933563777843
0.00017104760957313523
0.00019324803973550208
0.00017104760957313523
0.0001830435227857726
0.0
0.00016157957000462956
0.0008156204030013102
0.0027054725562970293
0.0
0.002016806814694149
0.0
0.0
0.0
0.002609985289604193
0.001980792407288896
0.0
0.0
0.0
0.0
0.00019950427123773058
0.0002133161054003427
0.0002682572546751589
8.67952854524086e-05
0.0002443268167581018
0.0
0.001584633925831117
0.00024298877285471675
0.00020058657289001483
0.0005345753002803769
0.00011769164435880975
0.0
0.0
0.0
0.0
0.0
0.001529991376664527
0.001529991376664527
0.0010223444682781401
0.0010223444682781401
0.0
0.0
0.0
0.0
0.0
0.0
0.0
0.0
0.0
0.0
0.0
0.0
0.0
0.0
0.0
0.0
0.0
0.0
0.0
0.0
0.0
0.0
0.00022847451041849268
0.00022074502449388695
8.457824994904933e-05
4.461961979411834e-05
0.00043757149825711324
0.00018259156347025216
0.002310924475170379
0.0011991824303586832
0.00045554158032106037
8.90601162650969e-05
0.0003201280658244681
0.0
9.043976747507395e-05
0.000226839212286663
0.00027905503096397027
0.00016870627347251435
0.0002745652841786589
0.000312903737117569
0.00023037253335031816
0.000292290842709297
0.0006411813572727063
0.00015503057275776126
0.0001146505165976002
0.000304737293429061
0.00013181743886889864
0.000297783556532022
0.0
0.0
0.00026664513175042836
0.0002088971276990173
0.00025947222177351623
0.00018380178095804174
0.0005099971255548422
0.00021455391645682436
0.0003107125344766896
0.00037601482985823116
