0.0
0.0
0.0
0.0
0.0
0.0
0.0007310698413309928
0.0
0.0
0.0
0.0
0.0
0.0
0.0
0.0
0.0
0.0
0.0
0.0
0.0
0.0
0.0
0.0
0.0
0.0
0.0
0.0
0.0
0.0
0.0
0.0008011362094874893
0.0
0.0
0.0
0.0
0.0
0.0
0.0
0.0
0.0
0.0
0.0
0.0
0.0
0.0
0.0
0.0
0.0
0.0
0.0
0.009527490835410359
0.009527490835410359
0.008772838095971914
0.008772838095971914
0.00984507386325737
0.00984507386325737
0.008602491725176341
0.008602491725176341
0.0
0.0
0.0
0.0
0.0
0.0
0.0
0.0
0.0003378027631312098
0.0
0.0
0.0
0.0
0.0
0.0
0.0
0.0
0.0035022001885105267
0.0
0.0
0.0
0.0
0.0
0.0
0.0
0.0
0.0
0.0
0.0
0.0
0.0
0.0
0.0
0.0
0.0
0.0
0.0
0.0
0.0
0.0008569213227206608
0.0
0.0
