0.00033292079871473016
0.00033292079871473016
0.0003373424030726602
0.00033292079871473016
0.0003761309023806664
0.00033292079871473016
0.0003562692045651857
0.0
0.0003144925534836162
0.0
0.0
0.0
0.0
0.0
0.0
0.0
0.0
0.0
0.0
0.0
0.0
0.0
0.00038830780209802614
0.0
0.0
0.00016893516272809274
0.00047554876204075445
0.0
0.0
0.0
0.0
0.0010404777733325423
0.00022907070341273474
0.0
0.0
0.0
0.0
0.0
0.0
0.0
0.0
0.0
0.0
0.0
0.0
0.0
0.0
0.0
0.0
0.0
0.0
0.0
0.0
0.0
0.0
0.0
0.0
0.0
0.0
0.0
0.0
0.0
0.0
0.0
0.0
0.00042965002580398504
0.00016462000607434427
8.684599274597848e-05
0.0008516731280729883
0.0
0.0
0.0
0.0008866494372340966
0.00017334334642031516
0.0006230855352568615
0.0
0.00017602864897391153
0.0
0.0005431424854503207
0.0003283637079338441
0.0005344038068477785
0.000609024366619189
0.00044838865621288164
0.0005689041843649605
0.00124797189576013
0.0003017458252501782
0.00022315156378966666
0.0005931294999079739
0.0
0.0005795950012523557
0.0
0.0
0.0005189883124194772
0.00040658971368456214
0.0
0.00035774505048301986
0.0
0.0004175998800125774
0.0
0.0007318614846322118
