0.0006352418974127361
0.0006352418974127361
0.0
0.0006352418974127361
0.0007176905408922637
0.0006352418974127361
0.0006797926905481178
0.0
0.0006000791995224463
0.0
0.0
0.0
0.0
0.0
0.0
0.0
0.0
0.0
0.0
0.0
0.0
0.0
0.0
0.0
0.0
0.0003223430128890136
0.0
0.0
0.0
0.0
0.0
0.0
0.0
0.0
0.0
0.0
0.0
0.0
0.0
0.0
0.0
0.0
0.0
0.0
0.0
0.0
0.0
0.0
0.0
0.0
0.0
0.0
0.0
0.0
0.0
0.0
0.0
0.0
0.0
0.0
0.0
0.0
0.0
0.0
0.0
0.0
0.00031410931793531026
0.00016570972263562324
0.0
0.0
0.0
0.0
0.0
0.0003307542115392689
0.0
0.0
0.0
0.000842442475403189
0.0
0.0006265465710603185
0.0
0.0
0.0
0.0
0.002381239135677222
0.0
0.0
0.0
0.0
0.0
0.0
0.0
0.0
0.0
0.0
0.0
0.0
0.0007968169641627841
0.0
0.0
