0.0
0.0
0.0
0.0
0.0
0.0
0.0
0.0007589923316245249
0.0006981844973355972
0.0
0.0
0.0
0.0
0.0
0.0
0.0
0.0
0.0
0.0
0.0
0.0
0.0
0.0
0.000921737802732476
0.0
0.00037504198546235327
0.0010557349282398405
0.0
0.0
0.0
0.0
0.0
0.0
0.0
0.0
0.0
0.0
0.0
0.0
0.0
0.0
0.0
0.0
0.0
0.0
0.0
0.0
0.0
0.0
0.0
0.0
0.0
0.0
0.0
0.0
0.0
0.0
0.0
0.0
0.0
0.0
0.0
0.0
0.0
0.0
0.0
0.0
0.00019280114940502312
0.0
0.0
0.0
0.0
0.0
0.0
0.0
0.0
0.00039078977368193026
0.0
0.0
0.0007289789466477375
0.0
0.0
0.0
0.0
0.0
0.0006698863136560272
0.0
0.0
0.0
0.0012867212279755369
0.0
0.0
0.0
0.0
0.0
0.0
0.0
0.0
0.0013425872756887606
0.0
