0.0
0.0
0.0
0.0
0.0
0.0
0.0
0.0005366434721029934
0.0
0.0
0.0
0.0
0.0
0.0
0.0
0.0
0.0
0.0
0.0
0.0
0.0
0.0
0.0
0.0006517122166020007
0.0
0.0
0.0007464545212181506
0.0
0.0
0.0007423665994152034
0.0006128216141646299
0.0
0.0003595653608838624
0.0
0.0
0.0
0.0
0.0
0.0
0.0
0.0
0.0
0.0
0.0
0.0
0.0
0.0
0.0
0.0
0.0
0.0
0.0
0.0
0.0
0.0
0.0
0.0
0.0
0.0
0.0
0.0
0.0
0.0
0.0
0.0
0.0006744086619562992
0.0
0.0
0.0013368455725169244
0.000557844201865087
0.0
0.0
0.0013917468280617673
0.00027209181263190715
0.0
0.0
0.0002763068509034165
0.0006930273059980376
0.0
0.0
0.0008388375065174266
0.0
0.0
0.0008929917065429258
0.0
0.0004736413034703569
0.0003502742662873802
0.0009310174522885725
0.0004027217500095548
0.000909772758746417
0.0
0.0
0.0
0.0
0.0007927259710714394
0.0
0.0
0.0
0.0
0.0
