0.0
0.0
0.0
0.0
0.0
0.0
0.0
0.0
0.0
0.0
0.0
0.0
0.0
0.0
0.0
0.0
0.0
0.0
0.0
0.0
0.0
0.0
0.0
0.00047581732853855196
0.0005983676199275622
0.00019360329486701645
0.0
0.0
0.0
0.0
0.0
0.0
0.00026251990540058037
0.0
0.0
0.0
0.0
0.0
0.003412758770207545
0.003412758770207545
0.002280414846452046
0.002280414846452046
0.0
0.0
0.00543791232615488
0.00543791232615488
0.0048043691425251845
0.0048043691425251845
0.00543791232615488
0.00543791232615488
0.005320967975054775
0.005320967975054775
0.0
0.0
0.005498333574223267
0.005498333574223267
0.0
0.0
0.0036655557161488447
0.0036655557161488447
0.004056147718689295
0.004056147718689295
0.0037206768547375486
0.0037206768547375486
0.0
0.0
0.00018865803342740908
9.95273575382329e-05
0.0
0.0
0.0
0.0
0.0
0.00019865516727422483
0.0
0.0
0.0
0.0
0.0006224528574592377
0.0
0.0
0.0
0.0
0.0
0.0
0.0
0.0
0.00067973904076936
0.0
0.0006642282170202604
0.0058217649609422824
0.0
0.0
0.00046596047239180223
0.0
0.0
0.0
0.0
0.0
0.0
