0.0
0.0
0.0
0.0
0.0007176905408922637
0.0
0.0006797926905481178
0.0
0.0
0.0
0.0
0.0
0.0
0.0
0.0
0.0
0.0
0.0
0.0
0.0
0.0
0.0
0.0
0.0007922199432156911
0.0009962620809483903
0.0
0.0
0.0
0.0
0.0009024192124253217
0.0
0.0
0.0004370868652224502
0.0
0.0
0.0
0.0
0.0
0.0
0.0
0.0
0.0
0.0
0.0
0.0
0.0
0.0
0.0
0.0
0.0
0.0
0.0
0.0
0.0
0.0
0.0
0.0
0.0
0.0
0.0
0.0
0.0
0.0
0.0
0.0
0.0008198096924819092
0.0
0.00016570972263562324
0.0016250665501860331
0.0
0.0
0.0
0.0
0.0003307542115392689
0.0
0.0
0.00033587800283094935
0.0
0.0
0.0006265465710603185
0.0010196890358221767
0.0
0.0
0.0010855187627724886
0.0
0.0005757573311979866
0.0
0.0
0.0
0.0
0.0
0.0
0.0
0.0
0.0
0.0
0.0
0.0
0.0
0.0
