0.0
0.0
0.0
0.0
0.0
0.0
0.0
0.0
0.0
0.0
0.0
0.0
0.0
0.0
0.0
0.0
0.0
0.0
0.0
0.0
0.0
0.0
0.0
0.0
0.0
0.0004780315921816731
0.0
0.0
0.0
0.0
0.0
0.0
0.0006481956231386506
0.0
0.0
0.0
0.0
0.0
0.0
0.0
0.0
0.0
0.0
0.0
0.0
0.0
0.0
0.0
0.0
0.0
0.0
0.0
0.0
0.0
0.0
0.0
0.0
0.0
0.0
0.0
0.0
0.0
0.0
0.0
0.0
0.0
0.00046582110164558
0.0
0.0
0.0
0.0
0.0
0.0
0.0004905053189949242
0.0
0.0
0.0
0.0
0.0
0.0
0.0
0.0
0.0
0.0016098138993627883
0.0
0.0
0.0
0.0
0.0
0.0
0.0
0.0
0.0
0.0011505167133863995
0.0
0.0
0.0
0.0
0.0
0.0
