0.0
0.0
0.0
0.0
0.0
0.0
0.0
0.0
0.0
0.0
0.0
0.0
0.0
0.0
0.0
0.0
0.0
0.0
0.0
0.0
0.0
0.0
0.0
0.0009615384615384616
0.0
0.0
0.0011013215859030838
0.0
0.0
0.001095290251916758
0.0009041591320072332
0.0
0.0
0.0
0.0
0.0
0.0
0.0
0.0
0.0
0.0
0.0
0.0
0.0
0.0
0.0
0.0
0.0
0.0
0.0
0.0
0.0
0.0
0.0
0.0
0.0
0.0
0.0
0.0
0.0
0.0
0.0
0.0
0.0
0.0
0.0
0.0
0.00020112630732099757
0.0019723865877712033
0.0
0.0
0.0
0.0
0.0
0.0
0.0
0.00040766408479412964
0.0
0.0012578616352201257
0.0
0.0
0.0
0.0
0.0
0.002890173410404624
0.0
0.0
0.0
0.0
0.0
0.0
0.0
0.0
0.0
0.0011695906432748538
0.0
0.0
0.0
0.0
0.0
