0.0006136314705813995
0.0006136314705813995
0.0
0.0006136314705813995
0.0006932752764321213
0.0006136314705813995
0.0
0.0
0.0
0.0
0.0
0.0
0.0
0.0
0.0
0.0
0.0
0.0
0.0
0.0
0.0
0.0
0.0007157194400576216
0.0
0.0
0.0
0.0
0.0
0.0
0.0008717196246923058
0.0007196021856637208
0.0
0.0004222175158324006
0.0
0.0
0.0
0.0
0.0
0.0
0.0
0.0
0.0
0.0
0.0
0.0
0.0
0.0
0.0
0.0
0.0
0.0
0.0
0.0
0.0
0.0
0.0
0.0
0.0
0.0
0.0
0.0
0.0
0.0
0.0
0.0
0.0007919204152677364
0.0
0.0
0.0
0.0
0.0
0.0
0.0
0.0003195022149113108
0.0
0.0
0.0
0.0
0.0010011069400554405
0.0006052319523529089
0.0
0.0
0.0
0.0
0.0
0.0005561705222530224
0.0
0.0
0.00047289365261085875
0.0
0.0
0.0
0.0
0.0
0.0009308538214550587
0.0
0.0
0.0
0.0
0.0
