0.0003815343266615991
0.0003815343266615991
0.0003866015794375735
0.0003815343266615991
0.0004310540258537404
0.0003815343266615991
0.0
0.00039180524281876006
0.00036041516509839334
0.0018193015502944632
0.0
0.0
0.0
0.0
0.0
0.0
0.0
0.0
0.0
0.0
0.0
0.0027957628343508135
0.00044500901230224284
0.0
0.0005983676199275622
0.00019360329486701645
0.0
0.0
0.0
0.0
0.00044742316607603434
0.0
0.0
0.0
0.0
0.0
0.00234526076625637
0.00234526076625637
0.0
0.0
0.0
0.0
0.0
0.0
0.0
0.0
0.0
0.0
0.0
0.0
0.0
0.0
0.0
0.0
0.0
0.0
0.0
0.0
0.0
0.0
0.0
0.0
0.0
0.0
0.0005096292705253285
0.0004923880812737253
0.00018865803342740908
9.95273575382329e-05
0.0
0.0
0.0
0.0026748649820545626
0.0010161191410268872
0.00019865516727422483
0.0
0.0
0.0
0.0
0.0006224528574592377
0.0
0.0006124381456436807
0.0
0.0005138629508619876
0.0
0.0
0.0
0.0
0.0
0.00029402853338092336
0.0006642282170202604
0.0
0.0
0.0
0.0
0.0
0.00040998344795368185
0.0011375862567358482
0.0
0.0006930672572550336
0.000838728850305244
