0.00022546632529071983
0.00022546632529071983
0.00022846079992348722
0.00022546632529071983
0.00025472981176137945
0.00022546632529071983
0.00024127873259246173
0.00023153588590820554
0.00021298603343194728
0.0
0.0
0.0
0.0
0.0
0.0
0.0
0.0
0.0
0.0
0.0
0.0
0.0016521458977517718
0.0002629764603435824
0.0
0.0003536031727957238
0.00011440916428093256
0.0
0.0
0.0020887844564433117
0.00032029553548966445
0.00026440309575231794
0.0007046501780772618
0.00015513518509393295
0.0006235177481920333
0.0027076835546487373
0.0027076835546487373
0.0
0.0
0.0
0.0
0.001347602875124717
0.001347602875124717
0.0
0.0
0.0
0.0
0.0
0.0
0.0
0.0
0.0
0.0
0.0
0.0
0.0032492202655784847
0.0032492202655784847
0.0
0.0
0.0
0.0
0.0
0.0
0.0
0.0
0.0003011635673553693
0.0002909749491562822
0.00011148677998553702
5.881533063195165e-05
0.0
0.0
0.0030461439989798293
0.0015807017508219657
0.0
0.00011739454994061165
0.00042197665786733565
0.0
0.00011921313652754326
0.00029900799989986056
0.00036783625648058316
0.0002223800942221016
0.0003619180988886926
0.0004124539124147583
0.0
0.0
0.0
0.0
0.00015112652398039463
0.0004016893185467907
0.00017375509441596175
0.0003925232535598169
0.0034403508694360427
0.0
0.0003514781537284419
0.0002753576496252953
0.00034202318585036684
0.00024227823024197483
0.0006722524687403762
0.0
0.000409565579694767
0.0004956437693255316
