0.000658343842962037
0.000658343842962037
0.0
0.000658343842962037
0.0
0.000658343842962037
0.0
0.0006760664800647364
0.0
0.0
0.0
0.0
0.0
0.0
0.0
0.0
0.0
0.0
0.0
0.0
0.0
0.0
0.0
0.0
0.0010324933063141017
0.0003340657137409085
0.0
0.0
0.0
0.0009352376389066397
0.0007720361341064756
0.0
0.0
0.0
0.0
0.0
0.0
0.0
0.0
0.0
0.0
0.0
0.0
0.0
0.0
0.0
0.0
0.0
0.0
0.0
0.0
0.0
0.0
0.0
0.0
0.0
0.0
0.0
0.0
0.0
0.0
0.0
0.0
0.0
0.0
0.0
0.0
0.0
0.0016841656101020948
0.0
0.0
0.0
0.0
0.0
0.0
0.0
0.00034809293286659684
0.0
0.0
0.0
0.0
0.0
0.0
0.001124996000423929
0.0024678380471727227
0.0
0.0
0.0
0.0005073511374460856
0.0
0.0
0.0
0.0
0.0
0.0
0.0
0.0
0.0
0.0
0.0
