0.0
0.0
0.0
0.0
0.0
0.0
0.0
0.0
0.0
0.0
0.0
0.0
0.0
0.0
0.0
0.0
0.0
0.0
0.0
0.0
0.0
0.0
0.0
0.0007922199432156911
0.0
0.0
0.0009073884812162102
0.0
0.0
0.0
0.0007449446120653876
0.0
0.0004370868652224502
0.0
0.0
0.0
0.0
0.0
0.0
0.0
0.0
0.0
0.0
0.0
0.0
0.0
0.0
0.0
0.0
0.0
0.0
0.0
0.0
0.0
0.0
0.0
0.0
0.0
0.0
0.0
0.0
0.0
0.0
0.0
0.0
0.0
0.00031410931793531026
0.00016570972263562324
0.0
0.0006781141900776286
0.0
0.0
0.0
0.0003307542115392689
0.0
0.0
0.00033587800283094935
0.0
0.0
0.0
0.0
0.0
0.0008555646323409333
0.0
0.0
0.0005757573311979866
0.0004257926309789761
0.0
0.0
0.0011059177730796223
0.0
0.0
0.0
0.0007758086072922022
0.0
0.0
0.0
0.0007968169641627841
0.0
0.0
