0.0
0.0
0.0
0.0
0.0
0.0
0.0
0.0
0.0
0.0
0.0
0.0
0.0
0.0
0.0
0.0
0.0
0.0
0.0
0.0
0.0
0.0
0.0
0.0
0.0
0.0003602577284633706
0.0
0.0
0.0
0.0
0.0008325666853095617
0.0
0.0
0.0
0.0
0.0
0.0
0.0
0.0
0.0
0.0
0.0
0.0
0.0
0.0
0.0
0.008939987902450245
0.008939987902450245
0.0
0.0
0.0
0.0
0.0
0.0
0.0
0.0
0.0
0.0
0.006820879658906483
0.006820879658906483
0.0
0.0
0.0
0.0
0.0009483200349664009
0.0
0.0
0.00018520087569436346
0.0
0.0
0.0
0.0
0.0
0.0
0.0
0.0
0.0
0.0
0.0011582625835878933
0.0007002423984428708
0.0
0.0
0.0
0.0
0.0
0.0006434792131043851
0.0004758753250399872
0.0
0.0
0.0
0.0
0.0
0.0
0.0
0.0
0.0
0.0
0.0
0.0
0.0
