0.0
0.0
0.0006670874721263766
0.0
0.0
0.0
0.0007045148220476585
0.0
0.0
0.0
0.0
0.0
0.0
0.0
0.0
0.0
0.0
0.0
0.0
0.0
0.0
0.0
0.0
0.0008210307349247713
0.0
0.0
0.0009403876259050244
0.0
0.0
0.0
0.0
0.0
0.0
0.0
0.0
0.0
0.0
0.0
0.0
0.0
0.0
0.0
0.0
0.0
0.0
0.0
0.0
0.0
0.0
0.0
0.0
0.0
0.0
0.0
0.0
0.0
0.0
0.0
0.0
0.0
0.0
0.0
0.0
0.0
0.0
0.0
0.0003255325826617469
0.0001717361151089626
0.0016841656101020948
0.0
0.0
0.0
0.0017533305222212773
0.0
0.0
0.0
0.00034809293286659684
0.0008730797181204111
0.0
0.0006493322922598951
0.0
0.0
0.0008866790906768038
0.001124996000423929
0.0024678380471727227
0.0
0.0
0.0
0.0
0.0
0.0
0.0
0.0
0.0
0.0
0.0
0.0
0.0
0.0
0.0
