0.0
0.0
0.0
0.0
0.0
0.0
0.0
0.0
0.0006000791995224463
0.0
0.0
0.0
0.00749007946313017
0.0
0.0
0.008582382718169987
0.0
0.0
0.0
0.0
0.0
0.0
0.0
0.0
0.0
0.0003223430128890136
0.0
0.0
0.0
0.0009024192124253217
0.0007449446120653876
0.0
0.0
0.0
0.0
0.0
0.0
0.0
0.0
0.0
0.0
0.0
0.0
0.0
0.0
0.0
0.0
0.0
0.0
0.0
0.0
0.0
0.0
0.0
0.0
0.0
0.0
0.0
0.0
0.0
0.0
0.0
0.0
0.0
0.0
0.0008198096924819092
0.0
0.00016570972263562324
0.0
0.0006781141900776286
0.0
0.0
0.0
0.0
0.0
0.0
0.0
0.0
0.0010363631961563756
0.0006265465710603185
0.0010196890358221767
0.0
0.0
0.0010855187627724886
0.0
0.0
0.0004257926309789761
0.0
0.0
0.0
0.0
0.0
0.0
0.0
0.0
0.0006826087331767346
0.0
0.0
0.0
0.0
