0.0007099604887836355
0.0007099604887836355
0.0
0.0007099604887836355
0.0008021069285299436
0.0007099604887836355
0.0007597514471554251
0.0
0.0
0.0
0.0
0.0
0.0
0.0
0.0
0.0
0.0
0.0
0.0
0.0
0.0
0.0
0.0
0.0
0.0
0.0003602577284633706
0.0
0.0
0.0
0.0010085638049861722
0.0
0.0
0.0
0.0
0.0
0.0
0.0
0.0
0.0
0.0
0.0
0.0
0.0
0.0
0.0
0.0
0.0
0.0
0.0
0.0
0.0
0.0
0.0
0.0
0.0
0.0
0.0
0.0
0.0
0.0
0.0
0.0
0.0
0.0
0.0
0.0
0.0
0.0
0.0
0.0
0.0
0.0049773986700128395
0.0
0.0003696582713578383
0.0
0.0
0.0
0.0009415324682539625
0.0
0.0
0.0
0.0
0.0
0.0
0.0
0.0
0.0
0.0
0.0
0.0
0.0
0.008007119599585872
0.0
0.0
0.0
0.0
0.0
0.0
0.0
0.0
