0.0
0.0
0.0
0.0
0.000628263413804156
0.0
0.0
0.0
0.0
0.0
0.0
0.0
0.0
0.0
0.0
0.0
0.0
0.0
0.0
0.0
0.0
0.0
0.0006486028768409812
0.0006935061529299722
0.0
0.0
0.0007943242280255188
0.0
0.0
0.0
0.0006521215181258327
0.0
0.000382624084375157
0.001537838803938531
0.0
0.0
0.0
0.0
0.0
0.0
0.0
0.0
0.0
0.0
0.0
0.0
0.0
0.0
0.0
0.0
0.0
0.0
0.0
0.0
0.0
0.0
0.0
0.0
0.0
0.0
0.0
0.0
0.0
0.0
0.0
0.0007176581085046478
0.00027497003394859744
0.00014506162490892418
0.0
0.0005936184354297703
0.0
0.0038986291840387623
0.0
0.0
0.0010407595945846624
0.0
0.0
0.0
0.0
0.0
0.000892631681989073
0.0010172727772174484
0.0
0.0
0.0
0.0
0.0003727371571303209
0.000990723075614246
0.0
0.0
0.0
0.0
0.0008668826911624652
0.0
0.0008435630398212527
0.0
0.0
0.0
0.0
0.0
