0.0
0.0
0.0
0.0
0.0
0.0
0.0
0.0007015492064078886
0.0
0.0
0.0
0.0
0.0
0.0
0.0
0.0
0.0
0.0
0.0
0.0
0.0
0.0
0.0007968135320981684
0.0
0.0
0.0
0.0
0.0
0.0
0.0
0.0008011362094874893
0.0
0.0
0.0
0.0
0.0
0.0
0.0
0.0
0.0
0.0
0.0
0.0
0.0
0.0
0.0
0.0
0.0
0.0
0.0
0.0
0.0
0.0
0.0
0.0
0.0
0.0
0.0
0.0
0.0
0.0
0.0
0.0
0.0
0.0
0.000881648405664839
0.0
0.00017820930162774803
0.0
0.000729264730611657
0.0
0.0
0.0018194181677477685
0.0
0.0
0.0
0.000361213472357588
0.0
0.0
0.0006738073366487934
0.0
0.0
0.0
0.0
0.0
0.0006191870354249918
0.0004579104122445288
0.0
0.0005264745381421054
0.0
0.0
0.0
0.0
0.0
0.0
0.0
0.0020369118337773867
0.0
0.0
0.0
