0.0
0.0
0.0
0.0
0.0
0.0
0.0
0.0
0.0
0.0
0.0
0.0
0.0
0.0
0.0
0.0
0.0
0.0
0.0
0.0
0.0
0.0
0.0
0.0
0.0012645193356235489
0.0
0.0
0.0
0.0
0.0
0.0
0.0
0.0
0.0
0.0
0.0
0.0
0.0
0.0
0.0
0.0
0.0
0.0
0.0
0.0
0.0
0.0
0.0
0.0
0.0
0.011244704199577151
0.011244704199577151
0.0
0.0
0.0
0.0
0.010152985345249272
0.010152985345249272
0.0
0.0
0.0
0.0
0.0
0.0
0.0010769902065506437
0.0
0.0
0.0
0.0
0.0
0.0
0.0
0.0021473459765106264
0.0
0.0
0.0
0.0
0.0
0.0
0.0007952528445328326
0.0
0.0
0.0
0.0013778096054817854
0.0
0.0
0.0
0.0
0.0
0.0
0.0
0.0
0.0
0.0
0.0
0.0
0.0
0.0
0.0
0.0
