0.0
0.0
0.0
0.0
0.0
0.0
0.0
0.0005534204309865549
0.0005090823046875593
0.0
0.0
0.0
0.0
0.0
0.0
0.0
0.0
0.0
0.0
0.0
0.0
0.0
0.0006285701477841897
0.0
0.0
0.000273462443010962
0.0
0.0
0.0
0.0007655750321314555
0.0006319801124195468
0.0
0.0
0.0
0.0
0.0
0.0033126540489858717
0.0033126540489858717
0.0
0.0
0.0
0.0
0.0
0.0
0.0
0.0
0.0
0.0
0.0
0.0
0.0
0.0
0.0
0.0
0.0
0.0
0.0
0.0
0.0
0.0
0.005729262330623106
0.005729262330623106
0.0
0.0
0.0
0.0
0.00026647731770340025
0.00014058125590024514
0.0
0.0
0.0
0.0
0.0
0.0002805981550927414
0.0
0.0
0.00028494496711619195
0.0
0.0
0.0
0.0
0.0
0.0007258255496739552
0.0
0.0
0.0
0.000361224808442387
0.0
0.00041531194553536476
0.0009382147709208306
0.0
0.0
0.0
0.0006581638458907898
0.0
0.0
0.0
0.0006759864645416044
0.0
0.0
