0.0005389128792105002
0.0005389128792105002
0.0
0.0005389128792105002
0.0006088588887944415
0.0005389128792105002
0.0005767079243696525
0.0
0.0
0.0
0.0
0.0
0.0
0.0
0.0
0.0
0.0
0.0
0.0
0.0
0.0
0.0
0.0
0.0
0.0
0.0
0.0
0.007942840958363851
0.0
0.0
0.0006319801124195468
0.0
0.0003708063683480206
0.0
0.0
0.0
0.0
0.0
0.0
0.0
0.0
0.0
0.0
0.0
0.0076809890586375705
0.0076809890586375705
0.0
0.0
0.0
0.0
0.0
0.0
0.0
0.0
0.0
0.0
0.0
0.0
0.0
0.0
0.0
0.0
0.0
0.0
0.0007198455245479081
0.0
0.00026647731770340025
0.00014058125590024514
0.0
0.0
0.0
0.0
0.0014352566824148232
0.0
0.0
0.0
0.00028494496711619195
0.0007146932559672995
0.0
0.0
0.0
0.0
0.0
0.0
0.0
0.0004884486403466239
0.0
0.0
0.0
0.0
0.0
0.0
0.0
0.0006581638458907898
0.0
0.0005790969381408606
0.0
0.0
0.0
0.0
