0.0
0.0
0.0
0.0
0.0
0.0
0.0006349431341763417
0.0
0.000560488768114877
0.0
0.0
0.0
0.0
0.0
0.0
0.0
0.0
0.0
0.0
0.0
0.0
0.0
0.0
0.0
0.0
0.00030107632183948594
0.0
0.0
0.0
0.0008428817947664032
0.00069579663528185
0.0
0.0
0.0
0.0
0.0
0.0036471615100555745
0.0036471615100555745
0.0
0.0
0.0
0.0
0.0
0.0
0.0
0.0
0.0
0.0
0.0
0.0
0.0
0.0
0.0
0.0
0.0
0.0
0.0
0.0
0.0
0.0
0.0
0.0
0.0
0.0
0.0
0.0
0.0
0.00015477696673807845
0.0
0.0
0.0
0.0
0.0
0.0003089325887682562
0.0
0.0
0.00031371833616866126
0.0007868620435804971
0.0
0.0005852099457199438
0.0
0.0
0.0007991184617048039
0.0
0.0
0.0
0.0
0.0
0.0
0.0010329544679486256
0.0
0.0
0.0
0.0007246243678170679
0.0
0.0006375733874247937
0.0
0.0
0.0
0.0013043238620707221
