0.000658343842962037
0.000658343842962037
0.0
0.000658343842962037
0.0
0.000658343842962037
0.0
0.0
0.0
0.0
0.0
0.0
0.0
0.0
0.0
0.0
0.0
0.0
0.0
0.0
0.0
0.0
0.0
0.0
0.0
0.0
0.0
0.0
0.0
0.0
0.0
0.0
0.0
0.0
0.0
0.0
0.0
0.0
0.0
0.0
0.0
0.0
0.0
0.0
0.0
0.0
0.0
0.0
0.0
0.0
0.0
0.0
0.0
0.0
0.0
0.0
0.0
0.0
0.0
0.0
0.0
0.0
0.0
0.0
0.0008793738046568095
0.0
0.0
0.0001717361151089626
0.0
0.0
0.0
0.0
0.0
0.0003427828038224657
0.0012321384766547793
0.0033749880012717867
0.0
0.0
0.0
0.0
0.0010567722330714878
0.0012043328128656728
0.0
0.0
0.0024678380471727227
0.0
0.0
0.0
0.0005073511374460856
0.0
0.0
0.0
0.0
0.0
0.0009986806600254527
0.0
0.0
0.0
0.0
0.0
