0.0005560882028120054
0.0005560882028120054
0.0
0.0005560882028120054
0.000628263413804156
0.0005560882028120054
0.0005950877879927154
0.0005710581148433658
0.0
0.0
0.0
0.0
0.0
0.0
0.0
0.0
0.0
0.0
0.0
0.0
0.0
0.0
0.0
0.0006935061529299722
0.0
0.0
0.0
0.0
0.0
0.0
0.0006521215181258327
0.0
0.0
0.001537838803938531
0.0
0.0
0.0
0.0
0.0
0.0
0.0
0.0
0.0
0.0
0.0
0.0
0.0
0.0
0.007925784604913968
0.007925784604913968
0.0
0.0
0.0
0.0
0.0
0.0
0.0
0.0
0.0
0.0
0.0
0.0
0.0
0.0
0.0007427872286788579
0.0007176581085046478
0.0
0.00014506162490892418
0.0
0.0
0.0
0.0
0.0
0.0
0.0
0.0
0.0
0.0
0.0
0.0
0.0
0.0
0.0
0.0
0.0
0.0
0.0003727371571303209
0.0
0.0
0.0
0.0
0.0
0.0
0.0006791397354493136
0.0
0.0005975529403870513
0.001658037698959014
0.0
0.0
0.0
