0.0004384242373485063
0.0004384242373485063
0.0
0.0004384242373485063
0.0004953277315688263
0.0004384242373485063
0.0
0.0
0.0004141560348441462
0.0
0.0
0.0
0.0
0.0
0.0
0.0
0.0
0.0
0.0
0.0
0.0
0.0
0.0005113635214397596
0.0
0.0
0.0002224711407828688
0.0
0.0
0.0
0.0006228217260032997
0.0005141376454258703
0.0
0.0003016637855920491
0.0
0.005265150331861227
0.005265150331861227
0.0
0.0
0.0
0.0
0.0
0.0
0.0
0.0
0.0062487498444067325
0.0062487498444067325
0.0
0.0
0.0
0.0
0.0
0.0
0.0
0.0
0.0
0.0
0.0
0.0
0.0
0.0
0.0
0.0
0.0
0.0
0.0005856191924212283
0.0005658071998418036
0.0
0.00011436770632361476
0.0
0.0
0.0
0.0
0.0
0.0
0.0008205429088614901
0.0
0.0
0.0
0.0007152657054603932
0.0
0.0
0.0008020257205091857
0.0005904841493676144
0.0
0.0
0.0
0.0
0.0007810937305508416
0.0003378706095312018
0.0007632701152228358
0.0
0.0
0.0
0.0
0.0
0.00047111535695195744
0.0013072097375655463
0.0
0.0
0.0
