0.0004262466990422365
0.0004262466990422365
0.0
0.0004262466990422365
0.00048156965910956515
0.0004262466990422365
0.0
0.0
0.00040265256275147913
0.0
0.0
0.0
0.0
0.0
0.0
0.0
0.0
0.0
0.0
0.0
0.0
0.0
0.0
0.0
0.0
0.0
0.0006088567936759701
0.0
0.003948871204698434
0.0
0.0
0.0013321493220669418
0.0
0.0
0.0
0.0
0.0026201041168615207
0.0026201041168615207
0.003812703232122626
0.003812703232122626
0.0
0.0
0.0
0.0
0.0
0.0
0.0
0.0
0.0
0.0
0.0059445372973954925
0.0059445372973954925
0.0
0.0
0.0
0.0
0.0
0.0
0.0
0.0
0.0
0.0
0.004156706531261509
0.004156706531261509
0.0005693532117999802
0.0
0.0002107670486686164
0.00011119106368821013
0.0010904180841376347
0.0
0.0
0.0
0.0
0.0002219357561853797
0.0
0.0
0.0002253738151886591
0.0005652780865621481
0.0
0.0
0.0
0.0
0.0005740830411814961
0.0007283820403923331
0.0
0.0
0.0
0.0
0.0
0.0007420697565876252
0.0
0.0
0.0
0.0
0.0006465987937517904
0.0
0.0
0.0
0.0
0.0
