0.0
0.0
0.0
0.0
0.0
0.0
0.0
0.0
0.0008899116894510972
0.0
0.0
0.0
0.0
0.0
0.0
0.0
0.0
0.0
0.0
0.0
0.0
0.0
0.0
0.0
0.0
0.0
0.0
0.0
0.0
0.0
0.0
0.0
0.0
0.0026052212145338087
0.0
0.0
0.0
0.0
0.0
0.0
0.0
0.0
0.0
0.0
0.0
0.0
0.0
0.0
0.0
0.0
0.0
0.0
0.0
0.0
0.0
0.0
0.0
0.0
0.0
0.0
0.0
0.0
0.0
0.0
0.0
0.0012157699001157775
0.0
0.0
0.0
0.0
0.0
0.0
0.0
0.0
0.001763129508825911
0.0
0.0
0.0
0.0
0.0009291625472367728
0.0
0.0
0.0012687941325195808
0.0
0.0
0.0
0.0
0.0
0.0
0.0
0.0
0.0
0.0
0.0
0.0
0.0
0.0
0.0
0.0
0.0
