0.0
0.0
0.0
0.0
0.0
0.0
0.0
0.0
0.0
0.0
0.0
0.0
0.0
0.0
0.0
0.0
0.0
0.0
0.0
0.0
0.0
0.0
0.0
0.0
0.0012645193356235489
0.0
0.0
0.0
0.0
0.0
0.0009455311849554023
0.0
0.0005547785095812599
0.0
0.0
0.0
0.0
0.0
0.0
0.0
0.0
0.0
0.0
0.0
0.0
0.0
0.0
0.0
0.0
0.0
0.0
0.0
0.0
0.0
0.0
0.0
0.0
0.0
0.0
0.0
0.0
0.0
0.0
0.0
0.0
0.0
0.00039868756788435955
0.00021032934242974156
0.0
0.0
0.0
0.0
0.0
0.0
0.0
0.0041334288164453555
0.0
0.0
0.0
0.0
0.0
0.0
0.0
0.0
0.0
0.0007307879039557477
0.0
0.0
0.0006213651161976679
0.0014037013296116442
0.0
0.0
0.0
0.0
0.0
0.0
0.0
0.0
0.0
0.0
