0.0006136314705813995
0.0006136314705813995
0.0006217812635500588
0.0006136314705813995
0.0
0.0006136314705813995
0.0006566666809769598
0.0006301504492035433
0.0
0.0
0.0
0.0
0.0
0.0
0.0
0.0
0.0
0.0
0.0
0.0
0.0
0.0
0.0
0.0
0.000962370033064178
0.0
0.0
0.0
0.0
0.0008717196246923058
0.0
0.0
0.0
0.0
0.0
0.0
0.0
0.0
0.0
0.0
0.0
0.0
0.0
0.0
0.0
0.0
0.0
0.0
0.0
0.0
0.0
0.0
0.0
0.0
0.0
0.0
0.0
0.0
0.0
0.0
0.0
0.0
0.0
0.0
0.0
0.0
0.0
0.0
0.0
0.0
0.0
0.0
0.0
0.0003195022149113108
0.0
0.0
0.00032445169887650844
0.0008137832488180729
0.0010011069400554405
0.0
0.0
0.0
0.0
0.0
0.0
0.0
0.000411307502503398
0.0
0.0
0.0
0.0
0.0
0.0
0.0
0.0
0.0006593869240630283
0.0
0.0007697098813772488
0.0
0.0
