0.0004031447534929357
0.0004031447534929357
0.0004084990197502638
0.0004031447534929357
0.0004554692903138829
0.0004031447534929357
0.0
0.0
0.0
0.0019223483282365353
0.0
0.0
0.0
0.0
0.0
0.0
0.0
0.0
0.0
0.0
0.0
0.0
0.0004702146989931094
0.000502768024308017
0.0
0.0
0.0
0.0
0.00373484818057384
0.0
0.0
0.0
0.0
0.0
0.004841469863706829
0.004841469863706829
0.0024780983188641597
0.0024780983188641597
0.0
0.0
0.0
0.0
0.0
0.0
0.0
0.0
0.0
0.0
0.0
0.0
0.0
0.0
0.0
0.0
0.0
0.0
0.0
0.0
0.0
0.0
0.0
0.0
0.003931419137446148
0.003931419137446148
0.0005384951032753219
0.0005202773584878981
0.0001993437839421798
0.00010516467121487079
0.0
0.0004303528767739404
0.0
0.0
0.0010736729882553134
0.0
0.0
0.0
0.00021315888515301167
0.0005346408438449261
0.0
0.0
0.0
0.0
0.0
0.0
0.0
0.0
0.0
0.0007182400347257385
0.0
0.0007018506648058222
0.0
0.0
0.0
0.0004923528674956098
0.0006115540880471785
0.00043320525706738825
0.0
0.0
0.0
0.0008862351614920977
