0.0005069987040692319
0.0005069987040692319
0.0005137322806076514
0.0005069987040692319
0.0
0.0005069987040692319
0.0
0.0
0.0
0.0
0.0
0.0
0.0
0.0
0.0
0.0
0.0
0.0
0.0
0.0
0.0
0.0
0.0005913465100519729
0.0006322858838248018
0.0
0.0002572681217440508
0.0007242040960107862
0.0
0.0
0.0007202380275769921
0.0
0.0
0.0
0.0
0.0
0.0
0.0
0.0
0.0
0.0
0.0
0.0
0.0
0.0
0.0
0.0
0.0
0.0
0.0
0.0
0.0
0.0
0.0
0.0
0.0
0.0
0.0
0.0
0.0
0.0
0.005389978026047491
0.005389978026047491
0.0
0.0
0.0
0.0006543057902266605
0.0002506966523743019
0.00013225609798427068
0.0
0.0
0.0
0.0
0.0
0.0
0.000948885020458577
0.0
0.0002680706560039926
0.0
0.0
0.0005000587978538356
0.0
0.0
0.0
0.0008663732795491355
0.0
0.0
0.0
0.0009032655483211454
0.0003907173613652964
0.0
0.0
0.0
0.0
0.0
0.0007690962797401098
0.0
0.0
0.0
0.0
0.0
