0.0
0.0
0.0
0.0
0.0007718263481647764
0.0
0.0007310698413309928
0.0007015492064078886
0.0
0.0
0.0
0.0
0.0
0.0
0.0
0.0
0.0
0.0
0.0
0.0
0.0
0.0
0.0
0.0
0.0
0.00034665753039638626
0.0
0.0
0.0
0.0
0.0
0.0021350762595015982
0.0
0.0
0.0
0.0
0.0
0.0
0.0
0.0
0.0
0.0
0.0
0.0
0.0
0.0
0.0
0.0
0.0
0.0
0.0
0.0
0.0
0.0
0.0
0.0
0.0
0.0
0.0
0.0
0.0
0.0
0.0
0.0
0.0
0.0
0.0003378027631312098
0.00017820930162774803
0.0017476462479155096
0.0
0.009229756746803784
0.0
0.0
0.0
0.0
0.0
0.000361213472357588
0.0
0.0
0.0
0.0
0.0012497272887068594
0.0
0.0
0.0
0.0
0.0
0.0012171107797983012
0.0
0.0
0.0
0.0
0.0
0.0
0.0
0.0
0.0
0.0008569213227206608
0.0
0.0
