0.0002001829687785321
0.0002001829687785321
0.00020284164883262198
0.0002001829687785321
0.00022616490462173876
0.0002001829687785321
0.00021422220338758756
0.00020557190063797
0.00018910219264803798
0.0
0.003166308664704343
0.0
0.0023603391864159646
0.0
0.0028848590056195123
0.0
0.0
0.002318190272372822
0.0
0.0
0.0
0.0
0.000233486790023162
0.0002496512601016886
0.0003139507986768514
0.00010157954245139128
0.0002859441745658107
0.002950423983019956
0.0
0.0002843782152308391
0.00023475344530357695
0.0006256320735078461
0.00013773862626300057
0.0005535976769845546
0.0
0.0
0.0
0.0
0.0
0.0
0.0
0.0
0.0
0.0
0.0
0.0
0.0
0.0
0.0
0.0
0.0
0.0
0.0
0.0
0.0
0.0
0.0
0.0
0.0
0.0
0.0
0.0
0.0
0.0
0.0002673916689039713
0.00025834558259279215
9.898486866403206e-05
5.2219893504777974e-05
0.0005121051489265407
0.00021369325967551944
0.0
0.0
0.0005331361612027847
0.00010423015275221041
0.0003746570137168198
0.0010262344288765064
0.00010584480656573832
0.0002654778226030226
0.00032658781195692594
0.00019744282167738107
0.0003213333050813813
0.00036620213047356293
0.0002696129911793937
0.00034207814295883547
0.0007503968511727055
0.00018143767330940327
0.00013417948863346567
0.0003566446572881266
0.000154270535059867
0.00034850645705470615
0.0
0.002257715743528314
0.0003120640751271107
0.0002444795767474163
0.00030366936901258027
0.0002151096193088286
0.0005968673804730026
0.0
0.0
0.00044006323814534934
