0.0
0.0
0.0
0.0
0.0
0.0
0.0005266271980052863
0.0005053619667319137
0.0004648741179769899
0.0
0.0
0.0
0.0
0.0
0.0
0.0
0.0
0.0
0.0
0.0
0.0
0.0
0.0005739857589769848
0.0
0.0
0.0002497152441245724
0.0
0.0
0.0
0.0006990932792797449
0.0
0.0
0.0003386059225370859
0.001360921458384663
0.0
0.0
0.0
0.0
0.0
0.0
0.0
0.0
0.0
0.0
0.0
0.0
0.0
0.0
0.0
0.0
0.006863141548197926
0.006863141548197926
0.0
0.0
0.0
0.0
0.0
0.0
0.0
0.0
0.0
0.0
0.0
0.0
0.0
0.0
0.0
0.00012837332340756376
0.0
0.0
0.0
0.0
0.0
0.0
0.000921027653654267
0.0
0.0002602006375794566
0.0
0.0
0.0
0.0007899407970079295
0.0009002428264914062
0.000662795601227837
0.0008409382924669395
0.0
0.0004460322599457771
0.000329856415494784
0.000876747477997812
0.00037924668091646294
0.0
0.0
0.0
0.0007671540432480855
0.0
0.0
0.0
0.001467292330994039
0.0
0.0
0.0
