0.0
0.0
0.0005295161759891256
0.0
0.0
0.0
0.000559225004344951
0.0005366434721029934
0.0004936494575863661
0.0
0.0
0.0
0.0
0.0
0.0
0.0
0.0
0.0
0.0
0.0
0.0
0.0
0.0006095150227212956
0.0006517122166020007
0.0008195655444571713
0.0002651724199006576
0.0007464545212181506
0.0
0.0
0.0
0.0006128216141646299
0.0
0.0
0.001445161418477784
0.0
0.0
0.0
0.0
0.0
0.0
0.0
0.0
0.0
0.0
0.0
0.0
0.0
0.0
0.0
0.0
0.0
0.0
0.0
0.0
0.0
0.0
0.0
0.0
0.0
0.0
0.0
0.0
0.0
0.0
0.0
0.0
0.0
0.0
0.0013368455725169244
0.0
0.0
0.0
0.0013917468280617673
0.00027209181263190715
0.0
0.0
0.0002763068509034165
0.0
0.0
0.0005154225895559549
0.0
0.0
0.0007038221238484742
0.0008929917065429258
0.0
0.0004736413034703569
0.0
0.0
0.0004027217500095548
0.0
0.0
0.0
0.0
0.0
0.0
0.0
0.0
0.0
0.0
0.0011487808563831875
