0.0
0.0
0.0
0.0
0.0
0.0
0.0006349431341763417
0.0
0.0
0.0
0.0
0.0
0.0
0.0
0.0
0.0
0.0
0.0
0.0
0.0
0.0
0.0
0.0
0.0
0.0
0.00030107632183948594
0.0008475232143411081
0.0
0.0
0.0008428817947664032
0.00069579663528185
0.0018543399484860872
0.0004082499090831438
0.0
0.0
0.0
0.0
0.0
0.0
0.0
0.0
0.0
0.0
0.0
0.0
0.0
0.0
0.0
0.0
0.0
0.0
0.0
0.0
0.0
0.0
0.0
0.0
0.0
0.0
0.0
0.0
0.0
0.0
0.0
0.0
0.0
0.00029338584773988796
0.00015477696673807845
0.0015178522260783553
0.0
0.0
0.0
0.0
0.0003089325887682562
0.0
0.0030417038680700635
0.00031371833616866126
0.0
0.0
0.0
0.0
0.0010854034959403753
0.0
0.0
0.0
0.0
0.0003977008158251814
0.0
0.0
0.0
0.0
0.0
0.0
0.0
0.0
0.0
0.0017690829393602898
0.0007442466911235262
0.0
0.0
