0.0007099604887836355
0.0007099604887836355
0.0007193896515252932
0.0007099604887836355
0.0008021069285299436
0.0007099604887836355
0.0
0.0
0.0
0.0
0.0
0.0
0.0
0.0
0.0
0.0
0.0
0.0
0.0
0.0
0.0
0.0
0.0
0.0
0.0
0.0
0.0010141175704321314
0.0
0.0
0.0
0.0
0.002218840370969579
0.0
0.0
0.0
0.0
0.0
0.0
0.0
0.0
0.0
0.0
0.0
0.0
0.0
0.0
0.0
0.0
0.0
0.0
0.0
0.0
0.0
0.0
0.0
0.0
0.0
0.0
0.0
0.0
0.0
0.0
0.0
0.0
0.0
0.0
0.0003510555676524496
0.0
0.0
0.0
0.0
0.0
0.0
0.0
0.0
0.0
0.0
0.0009415324682539625
0.0
0.0
0.0
0.0
0.0
0.0
0.0
0.0
0.0
0.0
0.0
0.0
0.0
0.0
0.0011067533100389125
0.0
0.0
0.0
0.0
0.0
0.0
0.0015607097524616529
