0.0
0.0
0.0008169980395005274
0.0
0.0
0.0
0.0
0.0
0.0
0.0
0.0
0.0
0.0
0.0
0.0
0.0
0.0
0.0
0.0
0.0
0.0
0.0
0.0
0.0
0.0
0.0
0.0
0.0
0.0
0.0
0.0009455311849554023
0.0
0.0
0.0
0.0
0.0
0.0
0.0
0.0
0.0
0.0
0.0
0.0
0.0
0.0
0.0
0.0
0.0
0.0
0.0
0.0
0.0
0.0
0.0
0.0
0.0
0.0
0.0
0.0
0.0
0.00857178270951373
0.00857178270951373
0.0
0.0
0.0
0.0
0.0
0.0
0.0
0.0008607057535478807
0.0
0.0
0.0
0.0
0.0
0.0
0.0
0.0
0.0
0.0
0.0
0.0
0.0
0.0013778096054817854
0.0030224204929499275
0.0
0.0
0.0014364800694514769
0.0
0.0
0.0
0.0
0.0
0.0
0.0
0.0
0.0
0.0010113708806196084
0.0
0.0
