0.00047786334486383495
0.00047786334486383495
0.0
0.00047786334486383495
0.0
0.00047786334486383495
0.0
0.0
0.0
0.0
0.0
0.0
0.0
0.0
0.0
0.0
0.0
0.0
0.0
0.0
0.0
0.0
0.0
0.0
0.0
0.0
0.0
0.0
0.0
0.0006788485852008697
0.0
0.0014934668874419133
0.00032880040227501004
0.0
0.00573878479896661
0.00573878479896661
0.002937387480039782
0.002937387480039782
0.0
0.0
0.0
0.0
0.0
0.0
0.0
0.0
0.0
0.0
0.0
0.0
0.0
0.0
0.0
0.0
0.0
0.0
0.0
0.0
0.0
0.0
0.0
0.0
0.0
0.0
0.0006382994421095715
0.0006167052321277551
0.0
0.000124655824273611
0.0012224630340993965
0.0
0.0
0.0
0.0012726668548016303
0.0002488112237207523
0.0
0.0
0.00025266561691332816
0.0
0.0007796085009916905
0.00047132224964896875
0.0
0.0
0.0006436020335289657
0.0008165859792995968
0.0
0.0
0.0
0.0
0.0
0.0
0.0
0.0
0.0007449384114043197
0.0
0.0
0.0
0.0
0.0005994088571454488
0.0
0.0
