0.0
0.0
0.0
0.0
0.0
0.0
0.0
0.0
0.0
0.0
0.0
0.0
0.0
0.0
0.0
0.0
0.0
0.00605161343987572
0.0
0.0
0.0
0.0
0.0
0.0
0.0
0.0002651724199006576
0.0007464545212181506
0.0
0.0
0.0
0.0
0.0
0.0003595653608838624
0.0
0.0
0.0
0.0
0.0
0.004674349691490212
0.004674349691490212
0.0031234133883229526
0.0031234133883229526
0.0
0.0
0.0
0.0
0.0
0.0
0.0
0.0
0.0
0.0
0.0
0.0
0.0
0.0
0.0
0.0
0.0
0.0
0.0
0.0
0.0
0.0
0.0
0.0
0.0002583990489005264
0.00013631953042358822
0.0
0.0
0.0
0.0
0.0
0.00027209181263190715
0.0009780385357374903
0.0
0.0
0.0
0.0008525543462466423
0.0005154225895559549
0.0
0.0
0.0
0.0
0.0
0.0004736413034703569
0.0
0.0
0.0004027217500095548
0.000909772758746417
0.0
0.0
0.0
0.0006382115868795486
0.0
0.0005615415950837453
0.0015581165638300705
0.0
0.0
0.0011487808563831875
