0.0
0.0
0.0
0.0
0.000743790909687946
0.0
0.0007045148220476585
0.0006760664800647364
0.0
0.0
0.0
0.0
0.0
0.0
0.0
0.0
0.0
0.0
0.0
0.0
0.0
0.0
0.0
0.0
0.0
0.0
0.0
0.0
0.0
0.0
0.0
0.0020575228055946075
0.0
0.0
0.0
0.0
0.0
0.0
0.0
0.0
0.0
0.0
0.0
0.0
0.0
0.0
0.0
0.0
0.0
0.0
0.0
0.0
0.0
0.0
0.0
0.0
0.0
0.0
0.0
0.0
0.0
0.0
0.0
0.0
0.0
0.0
0.0003255325826617469
0.0001717361151089626
0.0
0.0
0.0
0.004615524131468984
0.0
0.0003427828038224657
0.0012321384766547793
0.0
0.0
0.0
0.0
0.0
0.0
0.0012043328128656728
0.0008866790906768038
0.0
0.0
0.0
0.0
0.0
0.0
0.0
0.0
0.0
0.001026288418655964
0.0
0.0
0.0
0.0
0.0008257949364813946
0.0011958991096943446
0.0
