0.00030681573529069974
0.00030681573529069974
0.0003108906317750294
0.00030681573529069974
0.00034663763821606063
0.00030681573529069974
0.0003283333404884799
0.0
0.0
0.0
0.0
0.0
0.0
0.0
0.0
0.0
0.004681647160847501
0.0
0.0
0.0
0.0
0.0
0.0
0.0003826346237231131
0.000481185016532089
0.0
0.00043825992144497537
0.0
0.0
0.0004358598123461529
0.0003598010928318604
0.0
0.0002111087579162003
0.0
0.0
0.0
0.0018859716050807472
0.0018859716050807472
0.0
0.0
0.0
0.0
0.003133385895055414
0.003133385895055414
0.0
0.0
0.0
0.0
0.0
0.0
0.0
0.0
0.0
0.0
0.0
0.0
0.0
0.0
0.0029477037679410192
0.0029477037679410192
0.0032618033497708
0.0032618033497708
0.0
0.0
0.00040982493169107887
0.0003959602076338682
0.00015171178371026976
8.003620447949267e-05
0.0007848915358422833
0.0
0.0
0.0
0.00081712527448057
0.0001597511074556554
0.0
0.0015728854097708995
0.00016222584943825422
0.00040689162440903646
0.0
0.0
0.0
0.0005612694057433535
0.0
0.0
0.0
0.0002780852611265112
0.0
0.0005466208910330187
0.00023644682630542937
0.0
0.0
0.0034603479014959793
0.0004782932796538914
0.0
0.0004654269107275294
0.00032969346203151417
0.0
0.0
0.0
0.0
