0.0005933315949280849
0.0005933315949280849
0.0
0.0005933315949280849
0.0006703406608203189
0.0005933315949280849
0.0006349431341763417
0.0
0.000560488768114877
0.0
0.0
0.0
0.0
0.0
0.0
0.0
0.0
0.0
0.0
0.0
0.0
0.0
0.0
0.0
0.0009305333477892697
0.00030107632183948594
0.0
0.0
0.0
0.0
0.0
0.0
0.0
0.0
0.0
0.0
0.0
0.0
0.0
0.0
0.0
0.0
0.0
0.0
0.0
0.0
0.0
0.0
0.0
0.0
0.0
0.0
0.0
0.0
0.0
0.0
0.0
0.0
0.0
0.0
0.0
0.0
0.0
0.0
0.0
0.0
0.00029338584773988796
0.00015477696673807845
0.0
0.0
0.0
0.0
0.0
0.0003089325887682562
0.0
0.0
0.00031371833616866126
0.0007868620435804971
0.0
0.0005852099457199438
0.0
0.0
0.0
0.0
0.0
0.0
0.0003977008158251814
0.0
0.0
0.0010329544679486256
0.0
0.0
0.0
0.0
0.0
0.0
0.0
0.0
0.0
0.0
