0.0005933315949280849
0.0005933315949280849
0.0006012117801732236
0.0005933315949280849
0.0
0.0005933315949280849
0.0
0.0
0.0
0.0
0.0
0.0
0.0
0.0
0.0
0.0
0.0
0.0
0.0
0.0
0.0
0.0
0.0
0.0
0.0009305333477892697
0.00030107632183948594
0.0
0.0
0.0
0.0
0.0
0.0
0.0
0.0
0.0
0.0
0.0
0.0
0.0
0.0
0.0
0.0
0.0
0.0
0.0
0.0
0.0
0.0
0.0
0.0
0.0
0.0
0.0
0.0
0.0
0.0
0.0
0.0
0.0
0.0
0.0
0.0
0.0
0.0
0.0
0.0
0.00029338584773988796
0.00015477696673807845
0.0
0.0
0.0
0.0
0.0
0.0
0.0011104633169144677
0.0030417038680700635
0.0
0.0
0.0
0.0005852099457199438
0.0
0.0
0.0007991184617048039
0.0
0.0
0.0
0.0
0.0
0.00045724960108242793
0.0
0.0
0.0
0.0009249412002664978
0.0007246243678170679
0.0009000597410780423
0.0
0.0
0.0
0.0
0.0
