0.00033292079871473016
0.00033292079871473016
0.0
0.00033292079871473016
0.0003761309023806664
0.00033292079871473016
0.0
0.0003418830371599406
0.0
0.0015874936615184008
0.00526583263332933
0.0
0.0
0.0
0.0
0.0
0.0
0.0
0.0
0.0
0.0
0.002439538282107373
0.0
0.0
0.0005221260893990387
0.00016893516272809274
0.00047554876204075445
0.0
0.0
0.00047294444242388284
0.0003904143543698056
0.0010404777733325423
0.00022907070341273474
0.0009206786267228252
0.0
0.0
0.0020464373266967065
0.0020464373266967065
0.0
0.0
0.0
0.0
0.0
0.0
0.0
0.0
0.0
0.0
0.0
0.0
0.0
0.0
0.0
0.0
0.0
0.0
0.0
0.0
0.0
0.0
0.0
0.0
0.0
0.0
0.00044469441393718334
0.0
0.0
8.684599274597848e-05
0.0
0.0
0.0
0.0
0.0
0.00017334334642031516
0.0006230855352568615
0.0
0.0
0.00044151152958384976
0.0005431424854503207
0.0
0.0005344038068477785
0.000609024366619189
0.00044838865621288164
0.0005689041843649605
0.0
0.0003017458252501782
0.00022315156378966666
0.0005931294999079739
0.00025656463216459
0.0
0.0
0.0
0.0
0.00040658971368456214
0.0005050272233134562
0.00035774505048301986
0.0009926397147885172
0.0
0.0
0.0
