0.0
0.0
0.0
0.0
0.0
0.0
0.0007909301277572401
0.0
0.0
0.0
0.0
0.0
0.0
0.0
0.0
0.0
0.0
0.0
0.0
0.0
0.0
0.0
0.0
0.000921737802732476
0.0
0.00037504198546235327
0.0
0.0
0.0
0.0
0.0
0.0
0.0
0.002043938837615725
0.0
0.0
0.0
0.0
0.0
0.0
0.0
0.0
0.0
0.0
0.0
0.0
0.0
0.0
0.0
0.0
0.0
0.0
0.0
0.0
0.0
0.0
0.0
0.0
0.0
0.0
0.007857437006899795
0.007857437006899795
0.0
0.0
0.0
0.0
0.0
0.00019280114940502312
0.0
0.0
0.0
0.0
0.0
0.0
0.0
0.0
0.00039078977368193026
0.0
0.001205795364580849
0.0
0.0
0.0
0.0009954385408533488
0.0
0.0
0.0
0.0
0.0
0.0
0.0
0.0
0.0
0.0
0.0
0.0
0.0
0.0
0.0
0.0013425872756887606
0.0
