0.0
0.0
0.0006436787038627491
0.0
0.0
0.0
0.0
0.0
0.0
0.0
0.0
0.0
0.0
0.0
0.0
0.0
0.0
0.0
0.0
0.0
0.0
0.0
0.0
0.0
0.0009962620809483903
0.0003223430128890136
0.0
0.0
0.0
0.0
0.0
0.0
0.0
0.0
0.0
0.0
0.0
0.0
0.0
0.0
0.0
0.0
0.0
0.0
0.0
0.0
0.0
0.0
0.0
0.0
0.0
0.0
0.0
0.0
0.0
0.0
0.007999113989750667
0.007999113989750667
0.0
0.0
0.0
0.0
0.0
0.0
0.0
0.0008198096924819092
0.00031410931793531026
0.00016570972263562324
0.0
0.0
0.0
0.0
0.0016918043961895663
0.0003307542115392689
0.0
0.0
0.00033587800283094935
0.0
0.0
0.0
0.0010196890358221767
0.0
0.0
0.0
0.0
0.0
0.0
0.0
0.0004895476773287694
0.0011059177730796223
0.0
0.0
0.0
0.0
0.0
0.0
0.0
0.0
0.0
0.001396455493125964
