0.00037123057835166735
0.00037123057835166735
0.00037616098447040044
0.00037123057835166735
0.0
0.00037123057835166735
0.0
0.0
0.0
0.0
0.0
0.0
0.0
0.0
0.0
0.005015479792938672
0.0
0.0
0.005801036868941115
0.0
0.0
0.0
0.0
0.0004629673655020313
0.0
0.0
0.0
0.0
0.0
0.0005273669880855559
0.0004353400181935918
0.0
0.00025543027062181035
0.0
0.0
0.0
0.0
0.0
0.0
0.0
0.0
0.0
0.0
0.0
0.0
0.0
0.004674621942933131
0.004674621942933131
0.0
0.0
0.0
0.0
0.0
0.0
0.0
0.0
0.0
0.0
0.0
0.0
0.0
0.0
0.0
0.0
0.000495866179322464
0.0004790906070866791
0.0001835631186130814
9.683951329889632e-05
0.000949676647183654
0.0
0.0
0.0
0.000988677741523845
0.0
0.0006947850795412879
0.0
0.00019628457404081227
0.0004923170348896857
0.0006056428429208963
0.0003661490951498954
0.0005958985892600403
0.0006791058675911319
0.0
0.0006343689856681325
0.0013915782084454118
0.00033646824606716456
0.00024883000523106587
0.0006613819507171876
0.0
0.0
0.0
0.0
0.0005787092068775391
0.0
0.0005631415907860966
0.0
0.0
0.0
0.0
0.0
