0.0
0.0
0.0
0.0
0.0
0.0
0.0
0.0
0.0
0.0
0.0
0.0
0.0
0.0
0.00984507386325737
0.0
0.0
0.0
0.0
0.0
0.0
0.0
0.0
0.0008519775458588109
0.0
0.0
0.0
0.0
0.0
0.0
0.0008011362094874893
0.0021350762595015982
0.00047005657702555077
0.0
0.0
0.0
0.0
0.0
0.0
0.0
0.0
0.0
0.0
0.0
0.0
0.0
0.0
0.0
0.00973688623838641
0.00973688623838641
0.0
0.0
0.0
0.0
0.0
0.0
0.0
0.0
0.0
0.0
0.0
0.0
0.0
0.0
0.0
0.0
0.0003378027631312098
0.0
0.0
0.0
0.0
0.0
0.0
0.0
0.0
0.0
0.0
0.0
0.0011145366637649852
0.0
0.0
0.0
0.0
0.0011674000628368424
0.0
0.0
0.0
0.0
0.0
0.0
0.0
0.0
0.0
0.0
0.0
0.0007340982996629356
0.0
0.0008569213227206608
0.0012409756970492482
0.0
