0.000658343842962037
0.000658343842962037
0.0
0.000658343842962037
0.0
0.000658343842962037
0.0007045148220476585
0.0
0.0006219023775103876
0.0
0.0
0.0
0.0
0.0
0.0
0.0
0.0
0.0
0.0
0.0
0.0
0.0
0.0
0.0
0.0
0.0003340657137409085
0.0
0.0
0.0
0.0
0.0
0.0
0.0
0.0
0.0
0.0
0.0
0.0
0.0
0.0
0.0
0.0
0.0
0.0
0.0
0.0
0.0
0.0
0.0
0.0
0.0
0.0
0.0
0.0
0.0
0.0
0.0
0.0
0.0
0.0
0.0
0.0
0.0
0.0
0.0
0.0
0.0
0.0001717361151089626
0.0
0.0
0.0
0.0
0.0
0.0003427828038224657
0.0012321384766547793
0.0
0.0
0.0008730797181204111
0.0010740527853103925
0.0
0.0
0.0
0.0
0.0
0.0
0.0
0.0
0.0
0.0
0.0
0.0
0.0
0.0
0.0
0.0009986806600254527
0.0
0.0
0.0
0.0
0.001447240617494512
