0.0
0.0
0.0004986501281112555
0.0
0.0
0.0
0.0
0.0
0.0
0.0
0.0
0.0
0.0
0.0
0.0
0.0
0.0
0.0
0.0
0.0
0.0
0.0
0.0
0.0006137232345984683
0.0
0.0
0.0007029429118748977
0.0
0.0
0.0
0.0
0.0
0.0003386059225370859
0.0
0.0
0.0
0.0
0.0
0.0
0.0
0.0
0.0
0.0
0.0
0.0
0.0
0.0
0.0
0.0
0.0
0.0
0.0
0.0
0.0
0.0
0.0
0.0
0.0
0.0
0.0
0.0
0.0
0.0
0.0
0.0
0.0006350966805795094
0.0
0.00012837332340756376
0.0
0.0005253268839361375
0.0
0.0
0.001310620459922807
0.0
0.000921027653654267
0.0
0.0002602006375794566
0.0006526300245218886
0.0008028580679023988
0.00048537807146951104
0.0
0.0009002428264914062
0.0
0.0008409382924669395
0.0
0.0004460322599457771
0.000329856415494784
0.000876747477997812
0.00037924668091646294
0.0
0.0
0.0
0.0007671540432480855
0.0
0.0007465171508566164
0.0005288087522638004
0.0
0.0006172844912789236
0.0
0.0
