0.0002749015601494315
0.0002749015601494315
0.00027855259649516614
0.0002749015601494315
0.0003105812922594187
0.0002749015601494315
0.0002941809599948949
0.0
0.0
0.0
0.0
0.0
0.0
0.0
0.0
0.0
0.0
0.0
0.0
0.003155286048794802
0.0
0.0
0.0
0.00034283396491712755
0.0004311334020723248
0.0
0.000392673263781732
0.0
0.0
0.00039052280779168963
0.00032237551854775103
0.0008591501771417172
0.00018914977374738068
0.0
0.0
0.0
0.0
0.0
0.002458947058715949
0.002458947058715949
0.0
0.0
0.0028074592402662414
0.0028074592402662414
0.0
0.0
0.0
0.0
0.0
0.0
0.0
0.0
0.0
0.0
0.0
0.0
0.0
0.0
0.0
0.0
0.0
0.0
0.0
0.0
0.000367196007738221
0.0003547734562326494
0.00013593111838117143
7.171104656351822e-05
0.0007032491588043642
0.00029345458725416675
0.0
0.0
0.000732130027749102
0.00014313421257077986
0.0
0.0
0.00014535153832605487
0.00036456781545379617
0.0
0.00027113864905993354
0.0004412714399923424
0.0005028876213170841
0.00037024644186273376
0.0004697593195175397
0.0010304835939705568
0.000249159555215802
0.0001842621826944768
0.0004897628070244679
0.00021185224213536105
0.0
0.0
0.0
0.0
0.0003357319430450213
0.00041701441346644755
0.00029539960523099635
0.000819649019571983
0.0
0.0
0.0006043174974810383
