0.0
0.0
0.0006670874721263766
0.0
0.0
0.0
0.0
0.0
0.0
0.0
0.0
0.0
0.0
0.0
0.0
0.0
0.0
0.0
0.0
0.0
0.0
0.0
0.0
0.0
0.0010324933063141017
0.0
0.0
0.0
0.0
0.0009352376389066397
0.0
0.0
0.00045298247444125304
0.0
0.0
0.0
0.0
0.0
0.0
0.0
0.0
0.0
0.0
0.0
0.0
0.0
0.0
0.0
0.0
0.0
0.0
0.0
0.0
0.0
0.0
0.0
0.0
0.0
0.0
0.0
0.006998950527227558
0.006998950527227558
0.0
0.0
0.0
0.0
0.0
0.0001717361151089626
0.0
0.0
0.0
0.0
0.0
0.0003427828038224657
0.0
0.0
0.0
0.0008730797181204111
0.0
0.0006493322922598951
0.0010567722330714878
0.0012043328128656728
0.0
0.0
0.0
0.0
0.00044127750094147906
0.0
0.0
0.0
0.0
0.0
0.001026288418655964
0.0
0.0
0.0
0.0
0.0
0.0
0.0
