0.0
0.0
0.00047035936822497064
0.0
0.0005244425011567617
0.0
0.0
0.0
0.0004384996295178168
0.0
0.0
0.0
0.0
0.0
0.0
0.0
0.0
0.0
0.0
0.0
0.0
0.0
0.0005414208555107575
0.0005789038378153485
0.0007280048262732315
0.00023554772743660503
0.0006630616644581084
0.0
0.0
0.000659430439570605
0.0
0.0014507469670553311
0.0
0.0
0.0
0.0
0.0
0.0
0.0
0.0
0.0
0.0
0.0
0.0
0.0
0.0
0.0
0.0
0.0
0.0
0.0
0.0
0.0
0.0
0.0
0.0
0.0
0.0
0.0
0.0
0.0
0.0
0.0
0.0
0.0
0.0005990646679880223
0.00022953106798626093
0.0001210901028415049
0.0
0.0004955226266073764
0.0
0.0
0.0
0.000241694095274172
0.0
0.0023796837601895745
0.0002454382353558754
0.000615603263116526
0.0
0.0
0.0
0.0008491678297996648
0.0
0.0007932279200631916
0.0
0.0004207267584402253
0.0003111421143813759
0.000827005482593355
0.0
0.0
0.0
0.0
0.0007236297972691856
0.0
0.0
0.000498806952218693
0.0
0.0
0.0
0.0
