0.0006831585564326624
0.0006831585564326624
0.0006922317560102839
0.0006831585564326624
0.0007718263481647764
0.0006831585564326624
0.0
0.0
0.0
0.0
0.0
0.0
0.0
0.0
0.0
0.0
0.0
0.0
0.0
0.0
0.0
0.0
0.0
0.0
0.0
0.0
0.0
0.0
0.0
0.0
0.0
0.0
0.0
0.0018892465835675123
0.0
0.0
0.0
0.0
0.0
0.0
0.004083210358033011
0.004083210358033011
0.0
0.0
0.0
0.0
0.0
0.0
0.0
0.0
0.0
0.0
0.0
0.0
0.0
0.0
0.0
0.0
0.0
0.0
0.0
0.0
0.0
0.0
0.0
0.0
0.0
0.0
0.0
0.000729264730611657
0.0
0.0
0.0
0.0
0.0
0.0
0.0
0.0
0.0
0.0006738073366487934
0.0
0.0
0.0
0.0
0.0
0.0
0.0004579104122445288
0.0
0.0
0.0
0.0
0.0
0.0
0.0
0.0
0.0
0.0
0.0
0.0
0.001501790928293497
