0.0
0.0
0.00078125
0.0
0.0
0.0
0.0
0.0
0.0
0.0
0.0
0.0
0.0
0.0
0.0
0.0
0.0
0.0
0.0
0.0
0.0
0.0
0.0
0.0
0.0
0.0
0.0
0.0
0.0
0.0
0.0
0.0
0.0
0.0
0.0
0.0
0.0
0.0
0.0
0.0
0.0
0.0
0.0
0.0
0.0
0.0
0.0
0.0
0.0
0.0
0.0
0.0
0.0
0.0
0.0
0.0
0.0
0.0
0.007407407407407408
0.007407407407407408
0.0
0.0
0.0
0.0
0.0
0.0
0.0
0.00020112630732099757
0.0
0.0
0.0
0.0
0.0
0.0004014452027298274
0.0
0.0
0.0
0.0
0.0012578616352201257
0.0
0.0012376237623762376
0.0
0.0
0.0
0.0
0.0
0.0005167958656330749
0.0
0.0
0.0
0.0
0.0
0.001201923076923077
0.0
0.0011695906432748538
0.0
0.0
0.0
0.0
0.0
