0.00010999807522646995
0.00010999807522646995
0.00011145898716307152
0.00010999807522646995
0.00012427482889262328
0.00010999807522646995
0.00011771246169037255
0.00011295922689527437
0.00010390932525035072
0.0005245128807673953
0.0
0.0
0.0
0.0
0.0
0.0
0.0
0.0
0.0
0.0
0.0
0.0
0.00012829811472008233
0.0001371802918930111
0.00017251209621370198
5.5816707186514686e-05
0.00015712280128714928
0.0016212216314628583
0.001019053596919511
0.00015626232592413092
0.00012899412619234315
0.00034377711703308805
7.568567828579922e-05
0.00030419510355806295
0.0
0.0
0.0006761493060129457
0.0006761493060129457
0.0
0.0
0.0
0.0
0.0011233661698325317
0.0011233661698325317
0.0
0.0
0.0
0.0
0.0
0.0
0.0015340591781584038
0.0015340591781584038
0.0014125495402844707
0.0014125495402844707
0.001585194484097017
0.001585194484097017
0.0013851213938711798
0.0013851213938711798
0.0010567963227313447
0.0010567963227313447
0.0011694057669568159
0.0011694057669568159
0.0010726879967573799
0.0010726879967573799
0.00014692842798015606
0.00014195771499376272
5.439096590496818e-05
2.8694188167484215e-05
0.00028139547054976635
0.00011742181363681607
0.0
0.0
0.0002929517527078676
5.72731848931078e-05
0.00020586941351909312
0.0005639031761609941
5.8160417272210165e-05
0.00014587679301506293
0.00017945597933173777
0.00010849239815112664
0.00017656869253555884
0.00020122355933530542
0.0001481490172053287
0.00018796772538699807
0.0004123338253431547
9.969776629540988e-05
7.372997600451241e-05
0.00019597184556144443
8.476975850786188e-05
0.00019150000479024366
0.0
0.0
0.00017147536486626386
0.00013433851560144212
0.0001668625772733702
0.00011820008580673697
0.0003279712725717966
0.0001379763090606688
0.00019981443076853156
0.00024180932808259581
