0.00029047857332467196
0.00029047857332467196
0.0002943364918766403
0.00029047857332467196
0.00032818006062900655
0.00029047857332467196
0.00031085042046377853
0.00029829826571821025
0.0002743996428274578
0.0
0.004594520848806093
0.0
0.0
0.0
0.0
0.0
0.0
0.0
0.0
0.0
0.0
0.0
0.0
0.0
0.00045556313132055564
0.00014739855618235508
0.00041492368898909645
0.0
0.0026910764971578537
0.0004126513796299009
0.0003406425945769435
0.0009078330351857822
0.00019986775045204217
0.000803306417062046
0.0034884324963157364
0.0034884324963157364
0.0
0.0
0.0
0.0
0.0
0.0
0.0
0.0
0.0
0.0
0.0
0.0
0.0
0.0
0.0
0.0
0.0
0.0
0.0
0.0
0.0
0.0
0.0
0.0
0.0
0.0
0.0
0.0
0.00038800279052739396
0.0003748763279622881
0.00014363351490739593
7.577447900283579e-05
0.0
0.0
0.003924486558355204
0.0
0.0007736154201275145
0.00015124476499482118
0.0
0.0
0.00015358773322547882
0.0
0.00047390026365043967
0.0
0.0004662756306956678
0.0
0.0
0.0
0.0
0.0002632779242502443
0.00019470320909669225
0.0005175147109918951
0.0002238566307796195
0.0005057056504726168
0.004432361289436465
0.0
0.0004528253721179081
0.00035475584708295624
0.0
0.00031213811897439896
0.0
0.0
0.0005276620582662459
0.0006385605247493213
