0.0
0.0
0.0
0.0
0.0007718263481647764
0.0
0.0
0.0
0.0
0.0
0.0
0.0
0.0
0.0
0.0
0.0
0.0
0.0
0.0
0.0
0.0
0.0
0.0007968135320981684
0.0008519775458588109
0.0010714106985407052
0.00034665753039638626
0.0
0.0
0.0
0.0
0.0
0.0
0.00047005657702555077
0.0
0.0
0.0
0.0
0.0
0.0
0.0
0.0
0.0
0.0
0.0
0.0
0.0
0.0
0.0
0.0
0.0
0.0
0.0
0.0
0.0
0.0
0.0
0.0
0.0
0.0
0.0
0.0
0.0
0.0
0.0
0.0
0.0
0.0003378027631312098
0.00017820930162774803
0.0017476462479155096
0.0
0.0
0.0
0.0
0.0
0.0
0.0
0.0
0.0
0.0011145366637649852
0.0
0.0
0.0
0.0
0.0011674000628368424
0.0
0.0
0.0004579104122445288
0.0
0.0
0.0
0.0
0.0
0.0010649719323235136
0.0
0.0
0.0
0.0
0.0
0.0
0.0
