0.0
0.0
0.0
0.0
0.0
0.0
0.0
0.0006760664800647364
0.0
0.0
0.0
0.0
0.0
0.0
0.0
0.0
0.0
0.0
0.0
0.0
0.0
0.0
0.0
0.0008210307349247713
0.0
0.0
0.0
0.0
0.0
0.0
0.0007720361341064756
0.0
0.00045298247444125304
0.0
0.0
0.0
0.0
0.0
0.0
0.0
0.0
0.0
0.0
0.0
0.0
0.0
0.0
0.0
0.0
0.0
0.0
0.0
0.0
0.0
0.0
0.0
0.0
0.0
0.006324977513494534
0.006324977513494534
0.0
0.0
0.0
0.0
0.0
0.0008496238450962806
0.0
0.0
0.0
0.0
0.0
0.0
0.0
0.0003427828038224657
0.0
0.0
0.0
0.0008730797181204111
0.0010740527853103925
0.0006493322922598951
0.0
0.0
0.0
0.0
0.0
0.0005966959918391069
0.0
0.0011729010498925303
0.0
0.0
0.0
0.0
0.0
0.0
0.0
0.0007074332761572179
0.0
0.0
0.0
0.0
