0.0005069987040692319
0.0005069987040692319
0.0005137322806076514
0.0005069987040692319
0.0
0.0005069987040692319
0.0005425555438760676
0.0
0.0
0.0
0.0
0.0
0.0
0.0
0.0
0.0
0.0
0.0
0.0
0.0
0.0
0.0
0.0005913465100519729
0.0
0.0
0.0
0.0007242040960107862
0.0
0.0046969808512699555
0.0
0.0
0.0
0.0
0.0
0.0
0.0
0.0
0.0
0.0045350159943296125
0.0045350159943296125
0.0
0.0
0.0
0.0
0.0
0.0
0.0
0.0
0.0
0.0
0.0
0.0
0.0
0.0
0.0
0.0
0.0
0.0
0.0
0.0
0.0
0.0
0.004944190369757848
0.004944190369757848
0.0006772166005950503
0.0
0.0002506966523743019
0.00013225609798427068
0.0
0.0
0.0
0.0
0.0
0.0002639812602078659
0.0
0.0
0.0002680706560039926
0.0006723694470120592
0.0
0.0
0.0
0.0009274715362169165
0.0
0.0
0.0
0.0
0.0
0.0
0.0
0.0
0.0
0.0
0.0
0.0
0.0
0.0005448030813403428
0.0
0.0
0.0
0.0011145378291149049
