0.0
0.0
0.0
0.0
0.0
0.0
0.0007310698413309928
0.0007015492064078886
0.0
0.0
0.0
0.0
0.0
0.0
0.0
0.0
0.0
0.0
0.0
0.0
0.0
0.0
0.0
0.0
0.0
0.00034665753039638626
0.0
0.0
0.0
0.0
0.0008011362094874893
0.0
0.0
0.0
0.0
0.0
0.0
0.0
0.0
0.0
0.0
0.0
0.0
0.0
0.0
0.0
0.0
0.0
0.0
0.0
0.0
0.0
0.0
0.0
0.0
0.0
0.0
0.0
0.0
0.0
0.0
0.0
0.0
0.0
0.0
0.0
0.0
0.00017820930162774803
0.0017476462479155096
0.0
0.0
0.0
0.0
0.0
0.0
0.0
0.0
0.0009059883923242979
0.0
0.0
0.0
0.0
0.0009201003610520907
0.0011674000628368424
0.0
0.0
0.0004579104122445288
0.0
0.0005264745381421054
0.0
0.0
0.0
0.0
0.0
0.0
0.0
0.0
0.0008569213227206608
0.0012409756970492482
0.0
