0.0
0.0
0.0
0.0
0.0
0.0
0.0006566666809769598
0.0
0.0005796649798573017
0.0
0.0
0.0
0.0
0.0
0.0
0.0
0.0
0.0
0.0
0.0
0.0
0.0
0.0007157194400576216
0.0
0.0
0.0
0.0
0.0
0.0
0.0008717196246923058
0.0
0.0
0.0
0.0
0.0
0.0
0.0
0.0
0.0
0.0
0.0
0.0
0.0
0.0
0.0
0.0
0.0
0.0
0.0
0.0
0.0
0.0
0.0
0.0
0.0
0.0
0.0
0.0
0.0
0.0
0.0
0.0
0.0
0.0
0.0
0.0007919204152677364
0.0003034235674205395
0.0
0.0
0.0
0.0
0.0
0.0
0.0003195022149113108
0.0
0.0
0.00032445169887650844
0.0
0.0
0.0006052319523529089
0.0009850000214654397
0.0
0.0
0.0010485902731805997
0.0023002312640002173
0.0
0.000411307502503398
0.0
0.0
0.0010682953252940607
0.0
0.0
0.0009565865593077828
0.0007494162121883947
0.0
0.0
0.0
0.0
0.0
0.0
