0.00013409807039257792
0.00013409807039257792
0.00013587906038997936
0.00013409807039257792
0.00015150278510380974
0.00013409807039257792
0.00014350263803562175
0.0001377079946945159
0.00012667530757405214
0.0
0.0
0.0
0.0
0.0
0.0
0.0
0.0
0.0
0.0
0.0
0.0
0.0009826282333286643
0.0001564075515280338
0.00016723576663382075
0.00021030858198207202
6.804585183848731e-05
0.0001915475741180326
0.0
0.0
0.00019049857316448364
0.00015725605542420758
0.00041909686096186407
9.22680091772804e-05
0.0003708426381645492
0.0016104184935108665
0.0016104184935108665
0.0008242900345932398
0.0008242900345932398
0.0011994841193046454
0.0011994841193046454
0.000801498605065316
0.000801498605065316
0.0
0.0
0.0
0.0
0.0016885941485356656
0.0016885941485356656
0.0
0.0
0.0
0.0
0.0017220316564274612
0.0017220316564274612
0.0
0.0
0.0
0.0
0.0
0.0
0.0
0.0
0.0013077082503697261
0.0013077082503697261
0.00017911966766135282
0.00017305989781012294
6.630773820021867e-05
3.498093268285872e-05
0.0003430477264283503
0.00014314831053429924
0.0
0.0
0.0003571359287457363
6.982143608959196e-05
0.00025097431067701813
0.0006874513727240062
7.090305637960603e-05
0.00017783762505027976
0.00021877383308072147
0.000132262507451843
0.00021525395705343265
0.0002453105744699204
0.00018060768151523737
0.00022915045757466876
0.0005026739806334496
0.0001215410183781786
8.988382289362975e-05
0.00023890823804831538
0.00010334236321994865
0.00023345664067003164
0.0
0.0015123930199928137
0.00020904470829227596
0.00016377137222144404
0.0002034212833908463
0.0001440970980109143
0.0003998280397682151
0.00016820618694310792
0.00024359271330416467
0.00029478846999859927
