0.0
0.0
0.00044424705925079117
0.0
0.0004953277315688263
0.0
0.0004691718117500104
0.0004502266317030979
0.0
0.0
0.0
0.0
0.0
0.0
0.0
0.0
0.0
0.005077109248580469
0.0
0.0
0.0
0.0
0.0005113635214397596
0.0005467656113855891
0.0
0.0002224711407828688
0.000626251361058384
0.0
0.0
0.0
0.0005141376454258703
0.0
0.0
0.0
0.0
0.0
0.0
0.0
0.0
0.0
0.0
0.0
0.0
0.0
0.0
0.0
0.0
0.0
0.0
0.0
0.0
0.0
0.0
0.0
0.0
0.0
0.0
0.0
0.0
0.0
0.004660952752795186
0.004660952752795186
0.0
0.0
0.0
0.0
0.00021678850013000863
0.00011436770632361476
0.001121570484893516
0.0
0.0
0.0
0.0
0.00022827628897672126
0.0
0.0
0.00023181257066490527
0.0
0.0
0.0
0.0007037577176250157
0.0008020257205091857
0.0005904841493676144
0.0007491913515691866
0.0016434573290202677
0.0003973698363668851
0.00029386885573178944
0.0
0.0
0.0007632701152228358
0.0
0.0
0.0
0.0
0.0
0.00047111535695195744
0.0
0.0
0.0
0.0009637902302390045
