0.0
0.0
0.0
0.0
0.0
0.0
0.0
0.0
0.0
0.0
0.0
0.0
0.0
0.0
0.0
0.0
0.0
0.0
0.0
0.0
0.0
0.0
0.0
0.0010547211663539005
0.0
0.0
0.0
0.0
0.0
0.0012014348444776084
0.0
0.0
0.0005819151262642209
0.0
0.0
0.0
0.0
0.0
0.0
0.0
0.0
0.0
0.0
0.0
0.0
0.0
0.0
0.0
0.0
0.0
0.0
0.0
0.0
0.0
0.0
0.0
0.0
0.0
0.0
0.0
0.0
0.0
0.0
0.0
0.0
0.0
0.0
0.00022061746037973782
0.0
0.0
0.0
0.0
0.002252381956895393
0.0
0.0
0.0
0.0
0.001121584880376336
0.0
0.0
0.0
0.0015471227263865394
0.0
0.0
0.0
0.0
0.0
0.0015067445233627151
0.0
0.0
0.0
0.0
0.0
0.0
0.0
0.0
0.0
0.0
0.0
0.0
