0.0007099604887836355
0.0007099604887836355
0.0
0.0007099604887836355
0.0
0.0007099604887836355
0.0
0.0
0.0
0.0033853630660013794
0.0
0.0
0.0
0.0
0.0
0.0
0.0
0.0
0.0
0.0
0.0
0.0
0.0
0.0
0.0
0.0
0.0
0.0
0.0
0.0
0.0
0.0
0.0
0.0
0.0
0.0
0.0
0.0
0.0
0.0
0.0
0.0
0.0
0.0
0.0
0.0
0.0
0.0
0.0
0.0
0.0
0.0
0.0
0.0
0.0
0.0
0.0
0.0
0.0
0.0
0.0
0.0
0.0
0.0
0.0009483200349664009
0.0
0.0
0.0
0.0
0.0007578755176562759
0.0
0.0
0.0
0.0003696582713578383
0.0013287427906960682
0.0
0.0003753847345912659
0.0
0.0
0.0007002423984428708
0.0
0.0
0.0
0.0
0.0
0.0
0.0004758753250399872
0.0
0.0
0.0
0.0
0.0
0.0
0.0
0.0
0.0
0.0
0.0
0.0
0.0
