0.0002749015601494315
0.0002749015601494315
0.00027855259649516614
0.0002749015601494315
0.0003105812922594187
0.0002749015601494315
0.0002941809599948949
0.00028230191885495853
0.0002596848678177805
0.0013108357482125464
0.0043481380916318615
0.0
0.0
0.003793056633125666
0.0
0.0
0.0
0.0
0.0
0.0
0.0
0.0
0.0003206360822965941
0.00034283396491712755
0.0004311334020723248
0.0001394942580257483
0.0
0.0
0.0
0.00039052280779168963
0.00032237551854775103
0.0
0.00018914977374738068
0.0
0.0
0.0
0.0
0.0
0.0
0.0
0.001643075223565957
0.001643075223565957
0.0
0.0
0.0
0.0
0.0
0.0
0.0
0.0
0.0
0.0
0.0
0.0
0.0
0.0
0.0
0.0
0.0
0.0
0.0
0.0
0.0
0.0
0.0
0.0003547734562326494
0.00013593111838117143
7.171104656351822e-05
0.0
0.00029345458725416675
0.003714034619935548
0.0019272828298043927
0.0
0.00014313421257077986
0.0005144983023287339
0.0
0.00014535153832605487
0.0
0.00044848719938844354
0.00027113864905993354
0.0
0.0
0.00037024644186273376
0.0
0.0
0.000249159555215802
0.0001842621826944768
0.0004897628070244679
0.00021185224213536105
0.0004785870114279364
0.0
0.003100411508815762
0.00042854245614640945
0.0
0.00041701441346644755
0.00029539960523099635
0.0
0.0003448233302841515
0.0
0.0006043174974810383
