0.0
0.0
0.0005137322806076514
0.0
0.0
0.0
0.0
0.0005206471252397417
0.0
0.0
0.0
0.0
0.0
0.006995503395508445
0.0
0.0
0.0
0.0
0.0
0.0
0.0
0.0
0.0005913465100519729
0.0
0.0
0.0002572681217440508
0.0
0.0
0.0
0.0
0.0
0.001584523660669383
0.00034884738417920093
0.0
0.0
0.0
0.0
0.0
0.0
0.0
0.0
0.0
0.0
0.0
0.0
0.0
0.0
0.0
0.0
0.0
0.0
0.0
0.0
0.0
0.0
0.0
0.0
0.0
0.0
0.0
0.0
0.0
0.0
0.0
0.0
0.0
0.0002506966523743019
0.00013225609798427068
0.0012969966847688242
0.0
0.0
0.0
0.0
0.0002639812602078659
0.0
0.0
0.0002680706560039926
0.0006723694470120592
0.0008271412819846462
0.0005000587978538356
0.0008138333158141012
0.0
0.0
0.0
0.0
0.0
0.00033983323988516473
0.0
0.0003907173613652964
0.0
0.0
0.005718063645024294
0.0007903573547810022
0.0
0.0007690962797401098
0.0005448030813403428
0.0
0.0
0.0
0.0
