0.0007390958479890323
0.0007390958479890323
0.0
0.0007390958479890323
0.0
0.0007390958479890323
0.0
0.0
0.0
0.0
0.0
0.0
0.0
0.0
0.0
0.0
0.0
0.0
0.0
0.0
0.0
0.0
0.0
0.0
0.0
0.0
0.0
0.0
0.0
0.0
0.0
0.0
0.0
0.0
0.0
0.0
0.0
0.0
0.0
0.0
0.0
0.0
0.0
0.0
0.0
0.0
0.0
0.0
0.0
0.0
0.0
0.0
0.0
0.0
0.0
0.0
0.0
0.0
0.0
0.0
0.0
0.0
0.0
0.0
0.0
0.0
0.0
0.00019280114940502312
0.001890744210733284
0.0
0.0
0.0
0.0
0.0
0.0
0.0
0.0
0.000980171078570322
0.001205795364580849
0.0
0.0
0.0
0.0
0.0
0.0
0.0006698863136560272
0.0
0.0013167682896178228
0.0
0.0
0.0
0.0
0.0
0.0
0.0
0.0
0.0
0.0
0.0
0.001624758160748771
