0.00037123057835166735
0.00037123057835166735
0.00037616098447040044
0.00037123057835166735
0.0004194129443572409
0.00037123057835166735
0.00039726572617336016
0.0
0.00035068176265266757
0.0
0.005871781221001373
0.0
0.0
0.0
0.0
0.005015479792938672
0.0
0.0
0.005801036868941115
0.004260938585151438
0.0
0.0
0.0
0.0
0.0005822080533520103
0.0001883748279037999
0.0
0.0
0.0
0.0
0.0
0.0011602073737882232
0.0
0.0010266227294714553
0.0
0.0
0.0
0.0
0.0
0.0
0.0
0.0
0.0
0.0
0.0
0.0
0.0
0.0
0.0
0.0
0.0
0.0
0.0
0.0
0.0
0.0
0.0
0.0
0.0
0.0
0.0
0.0
0.0
0.0
0.0
0.0
0.0001835631186130814
9.683951329889632e-05
0.0
0.0
0.0
0.0
0.0
0.00019329026901730733
0.0
0.0019031069570043973
0.0
0.0
0.0006056428429208963
0.0
0.0
0.0
0.0004999855245297119
0.0
0.0
0.0
0.00024883000523106587
0.0
0.0
0.0006462900135867282
0.005664541883789559
0.0
0.0005787092068775391
0.0004533767044464336
0.0005631415907860966
0.0003989114002668703
0.001106864506027845
0.00046565382990533126
0.0006743502242606618
0.0008160780680035806
