0.0006831585564326624
0.0006831585564326624
0.0
0.0006831585564326624
0.0007718263481647764
0.0006831585564326624
0.0
0.0
0.0
0.0
0.0
0.0
0.0
0.0
0.0
0.0
0.0
0.0
0.0
0.0
0.0
0.0
0.0
0.0008519775458588109
0.0010714106985407052
0.0
0.0
0.0
0.0
0.0009704892088643628
0.0
0.0021350762595015982
0.00047005657702555077
0.0018892465835675123
0.0
0.0
0.0
0.0
0.0
0.0
0.0
0.0
0.0
0.0
0.0
0.0
0.0
0.0
0.0
0.0
0.0
0.0
0.0
0.0
0.0
0.0
0.0
0.0
0.0
0.0
0.0
0.0
0.0
0.0
0.0
0.0
0.0
0.0
0.0
0.0
0.0
0.0
0.0
0.0
0.0
0.0
0.0
0.0009059883923242979
0.0
0.0006738073366487934
0.0
0.0
0.0
0.0
0.0
0.0
0.0
0.0
0.0
0.0
0.0
0.0
0.0
0.0
0.0
0.0
0.0
0.0
0.0
0.0
