0.0006136314705813995
0.0006136314705813995
0.0
0.0006136314705813995
0.0
0.0006136314705813995
0.0
0.0
0.0
0.0
0.0
0.0
0.0
0.0
0.0
0.0
0.0
0.0
0.0
0.0
0.0
0.0
0.0
0.0007652692474462262
0.0
0.0003113771585853189
0.0
0.0
0.0
0.0
0.0
0.0
0.0
0.0
0.0
0.0
0.0
0.0
0.0
0.0
0.0
0.0
0.0
0.0
0.0
0.0
0.0
0.0
0.0
0.0
0.0
0.0
0.0
0.0
0.0
0.0
0.0
0.0
0.0
0.0
0.0
0.0
0.0
0.0
0.0
0.0007919204152677364
0.0003034235674205395
0.00016007240895898534
0.0015697830716845666
0.0
0.0
0.0
0.0
0.0003195022149113108
0.0
0.0
0.0
0.0008137832488180729
0.0
0.0
0.0
0.0
0.0008264590003572951
0.0
0.0
0.0
0.0
0.0
0.00047289365261085875
0.0010682953252940607
0.0
0.0
0.0
0.0007494162121883947
0.0
0.0
0.0
0.0
0.0
0.0
