0.0005560882028120054
0.0005560882028120054
0.0
0.0005560882028120054
0.000628263413804156
0.0005560882028120054
0.0
0.0
0.0005253069184611588
0.0
0.0
0.0
0.0
0.0
0.0
0.0
0.0
0.0
0.0
0.0
0.0
0.0
0.0
0.0
0.0008721238198877521
0.0002821777774049965
0.0
0.0
0.0
0.0
0.0
0.0
0.0
0.001537838803938531
0.0
0.0
0.0
0.0
0.0
0.0
0.0
0.0
0.0
0.0
0.0
0.0
0.0
0.0
0.0
0.0
0.0
0.0
0.0
0.0
0.0
0.0
0.0
0.0
0.0
0.0
0.0
0.0
0.0
0.0
0.0
0.0
0.00027497003394859744
0.00014506162490892418
0.0014225767239589174
0.0
0.0
0.0
0.0
0.0
0.0
0.0
0.0
0.0007374707556719541
0.0009072281749021019
0.0
0.0
0.0
0.0
0.0
0.0
0.0
0.0
0.0
0.0
0.0
0.0
0.0
0.0008668826911624652
0.0
0.0
0.0005975529403870513
0.0
0.0006975303665833376
0.0010101490182733489
0.0012224515238087644
