0.0
0.0
0.00042000156414144057
0.0
0.00046829442691728566
0.0
0.00044356600833419466
0.0
0.00039155280560891766
0.0
0.0
0.0
0.0
0.0
0.0
0.0
0.0
0.0
0.0
0.0
0.0
0.0
0.000483455037860651
0.0
0.0
0.00021032942179227072
0.0
0.0
0.0
0.0
0.0
0.0
0.0
0.0
0.0
0.0
0.0
0.0
0.003707600014489958
0.003707600014489958
0.0
0.0
0.0
0.0
0.0
0.0
0.0
0.0
0.0
0.0
0.005780666689258537
0.005780666689258537
0.005322792100010336
0.005322792100010336
0.0
0.0
0.005219436913602367
0.005219436913602367
0.0
0.0
0.004406573787713475
0.004406573787713475
0.004042120316549202
0.004042120316549202
0.0005536580866128155
0.0
0.00020495692035876626
0.00010812590549095815
0.0
0.0
0.0
0.0
0.0
0.00021581774472141467
0.0
0.0
0.00021916102817001382
0.0
0.0
0.0
0.0
0.0
0.0
0.0
0.0
0.0
0.00027783049204188316
0.0
0.0
0.0007216134256389851
0.0
0.0
0.0006461562525252932
0.0005062165744830922
0.0
0.0004454034814424556
0.0
0.0
0.0007529439805336749
0.0
