0.0
0.0
0.00044424705925079117
0.0
0.0
0.0
0.0
0.0
0.0
0.0
0.0
0.0
0.0
0.0
0.0
0.0
0.0
0.0
0.0
0.0
0.0
0.0
0.0
0.0
0.0
0.0002224711407828688
0.0
0.0
0.0
0.0
0.0005141376454258703
0.0013702077972072594
0.0
0.0
0.0
0.0
0.002694958463701482
0.002694958463701482
0.003921629212696639
0.003921629212696639
0.0
0.0
0.0
0.0
0.0
0.0
0.0055207401537962384
0.0055207401537962384
0.0
0.0
0.006114368127322717
0.006114368127322717
0.005630061741000125
0.005630061741000125
0.0
0.0
0.0
0.0
0.004212120265488983
0.004212120265488983
0.004660952752795186
0.004660952752795186
0.0042754604198572375
0.0042754604198572375
0.0005856191924212283
0.0
0.00021678850013000863
0.00011436770632361476
0.0
0.0
0.0
0.0
0.0
0.0
0.0
0.0
0.0
0.0
0.0
0.0
0.0
0.0
0.0
0.0
0.0
0.0
0.0
0.0
0.0
0.0
0.0
0.0
0.0006834570142319864
0.0
0.0
0.00047111535695195744
0.0
0.0005499383325348285
0.0
0.0009637902302390045
