0.0
0.0
0.0
0.0
0.0
0.0
0.0
0.0
0.0
0.0
0.0
0.0
0.0
0.0
0.0
0.0
0.0
0.0
0.012048192771084338
0.0
0.0
0.0
0.0
0.0
0.0
0.0003912363067292645
0.0
0.0
0.0
0.001095290251916758
0.0
0.0
0.0005305039787798408
0.0
0.0
0.0
0.0
0.0
0.0
0.0
0.0
0.0
0.0
0.0
0.0
0.0
0.0
0.0
0.0
0.0
0.0
0.0
0.0
0.0
0.0
0.0
0.0
0.0
0.0
0.0
0.0
0.0
0.0
0.0
0.0
0.0
0.0
0.00020112630732099757
0.0
0.0
0.0
0.0
0.002053388090349076
0.0
0.0
0.0
0.00040766408479412964
0.0
0.0
0.0
0.0
0.0014104372355430183
0.0
0.0
0.0
0.0
0.0
0.0
0.0005941770647653001
0.0
0.0
0.0
0.0
0.0
0.0011695906432748538
0.0
0.0
0.0
0.0
0.0
