0.0
0.0
0.0
0.0
0.0
0.0
0.0
0.0006301504492035433
0.0
0.0
0.0
0.0
0.0
0.0
0.0
0.0
0.0
0.0
0.0
0.0
0.0
0.0
0.0
0.0007652692474462262
0.0
0.0
0.0008765198428899507
0.0
0.0
0.0
0.0
0.0
0.0
0.0
0.0
0.0
0.0
0.0
0.0
0.0
0.0
0.0
0.0
0.0
0.0
0.0
0.0
0.0
0.0
0.0
0.0
0.0
0.0
0.0
0.008843111303823058
0.008843111303823058
0.0
0.0
0.0
0.0
0.0
0.0
0.0
0.0
0.0008196498633821577
0.0
0.0
0.0
0.0
0.000655045281764671
0.0
0.0
0.00163425054896114
0.0
0.0
0.003145770819541799
0.0
0.0
0.0
0.0006052319523529089
0.0009850000214654397
0.0
0.0
0.0
0.0
0.0
0.0
0.0
0.00047289365261085875
0.0
0.0
0.0
0.0
0.0007494162121883947
0.0009308538214550587
0.0006593869240630283
0.0
0.0007697098813772488
0.0
0.0
