0.0006136314705813995
0.0006136314705813995
0.0
0.0006136314705813995
0.0006932752764321213
0.0006136314705813995
0.0
0.0006301504492035433
0.0
0.0
0.0
0.0
0.0
0.0
0.0
0.0
0.0
0.0
0.0
0.0
0.0
0.0
0.0
0.0
0.0
0.0
0.0
0.0
0.0
0.0
0.0007196021856637208
0.0
0.0
0.0
0.0
0.0
0.0
0.0
0.0
0.0
0.0
0.0
0.0
0.0
0.0
0.0
0.0
0.0
0.0
0.0
0.0
0.0
0.0
0.0
0.0
0.0
0.0
0.0
0.0
0.0
0.0
0.0
0.0
0.0
0.0
0.0007919204152677364
0.0003034235674205395
0.00016007240895898534
0.0
0.0
0.0
0.0
0.00163425054896114
0.0
0.0
0.0
0.00032445169887650844
0.0
0.0
0.0
0.0
0.0
0.0
0.0
0.0
0.0005561705222530224
0.000411307502503398
0.0010932417820660374
0.0
0.0
0.0
0.0
0.0009565865593077828
0.0
0.0
0.0
0.0
0.0
0.0
0.0
