0.0004144965320748218
0.0004144965320748218
0.00042000156414144057
0.0004144965320748218
0.00046829442691728566
0.0004144965320748218
0.00044356600833419466
0.0
0.00039155280560891766
0.0
0.0
0.0
0.0
0.0
0.0
0.0
0.0
0.0
0.0
0.0
0.0
0.0
0.000483455037860651
0.0005169250020202346
0.0
0.00021032942179227072
0.0005920726895385946
0.0
0.0
0.0
0.0
0.0012954265110868529
0.00028520000111461214
0.0
0.0
0.0
0.0
0.0
0.0
0.0
0.0
0.0
0.0
0.0
0.0
0.0
0.0
0.0
0.0
0.0
0.0
0.0
0.0
0.0
0.0
0.0
0.0
0.0
0.0
0.0
0.0
0.0
0.0
0.0
0.0005536580866128155
0.0005349273652746706
0.00020495692035876626
0.00010812590549095815
0.0
0.0004424707836222584
0.0
0.0
0.0
0.00021581774472141467
0.0007757604647922712
0.0
0.00021916102817001382
0.0
0.0
0.0
0.0
0.0007582538816657883
0.0
0.0
0.0
0.0003756827408113514
0.0
0.0
0.00031943077962034695
0.0007216134256389851
0.0
0.0
0.0
0.0005062165744830922
0.0
0.0004454034814424556
0.0
0.0
0.0
0.000911189834069566
