0.0007710100231303007
0.0007710100231303007
0.0
0.0007710100231303007
0.0008710801393728223
0.0007710100231303007
0.0
0.0
0.0
0.0
0.0
0.0
0.0
0.0
0.0
0.0
0.0
0.0
0.0
0.0
0.0
0.0
0.0
0.0
0.0012091898428053204
0.0
0.0
0.0
0.0
0.0
0.0
0.0
0.0005305039787798408
0.0
0.0
0.0
0.0
0.0
0.0
0.0
0.0
0.0
0.0
0.0
0.0
0.0
0.0
0.0
0.0
0.0
0.0
0.0
0.0
0.0
0.0
0.0
0.0
0.0
0.0
0.0
0.0
0.0
0.0
0.0
0.0
0.0
0.0
0.0
0.0
0.0
0.0
0.0
0.002053388090349076
0.0
0.001443001443001443
0.0
0.0
0.0
0.0
0.0
0.0
0.0
0.0010384215991692627
0.0
0.0
0.0
0.0
0.0
0.0
0.0
0.0
0.0
0.0
0.0
0.0
0.0
0.0
0.0
0.0
0.0
