0.0004144965320748218
0.0004144965320748218
0.0
0.0004144965320748218
0.00046829442691728566
0.0004144965320748218
0.00044356600833419466
0.0
0.0
0.0019764779489008966
0.0
0.0
0.0
0.0
0.0
0.0
0.0
0.0
0.006477132555434265
0.0
0.0
0.0
0.0
0.0
0.0
0.00021032942179227072
0.0005920726895385946
0.0
0.0
0.0005888302323122059
0.0
0.0
0.0
0.0
0.0
0.0
0.0
0.0
0.0
0.0
0.0
0.0
0.0
0.0
0.0
0.0
0.0
0.0
0.0
0.0
0.0
0.0
0.0
0.0
0.0
0.0
0.0
0.0
0.0
0.0
0.0
0.0
0.0
0.0
0.0
0.0005349273652746706
0.0
0.00010812590549095815
0.0010603589785030453
0.0
0.0
0.0
0.0011039055484621026
0.00021581774472141467
0.0
0.0
0.00021916102817001382
0.0
0.0006762289334604326
0.0004088228152859649
0.0
0.0007582538816657883
0.0
0.0007083030330712042
0.001553763011852728
0.0
0.00027783049204188316
0.0
0.00031943077962034695
0.0
0.0
0.0
0.0006461562525252932
0.0005062165744830922
0.0006287742714632092
0.0004454034814424556
0.0012358666714966527
0.0
0.0
0.0
