0.0
0.0
0.0
0.0
0.0
0.0
0.0
0.0007015492064078886
0.0
0.0
0.0
0.0
0.0
0.0
0.0
0.0
0.0
0.0
0.0
0.0
0.0
0.0
0.0
0.0
0.0
0.00034665753039638626
0.0
0.0
0.0
0.0
0.0
0.0021350762595015982
0.0
0.0
0.0
0.0
0.0
0.0
0.0
0.0
0.004083210358033011
0.004083210358033011
0.0
0.0
0.0
0.0
0.0
0.0
0.0
0.0
0.0
0.0
0.0
0.0
0.0
0.0
0.0
0.0
0.0
0.0
0.0
0.0
0.0
0.0
0.0
0.0
0.0003378027631312098
0.00017820930162774803
0.0
0.0
0.0
0.0
0.0
0.0003557031905632932
0.0
0.0
0.0
0.0
0.0011145366637649852
0.0
0.0
0.0
0.0
0.0011674000628368424
0.0
0.0006191870354249918
0.0
0.0
0.0
0.0
0.0
0.0
0.0010649719323235136
0.0
0.0
0.0
0.0020369118337773867
0.0
0.0
0.0
