0.0002528158381374576
0.0002528158381374576
0.00025617354848772074
0.0002528158381374576
0.0002856290436100022
0.0002528158381374576
0.0002705463218352166
0.0002596216485069537
0.00023882166210071563
0.0012055225811186858
0.0
0.0
0.0
0.0
0.0
0.0
0.0
0.0
0.0
0.0
0.0
0.0
0.0
0.00031529052121565627
0.0
0.0001282872230298445
0.00036112570711925395
0.0
0.002342158157602018
0.0
0.0
0.0
0.0
0.0006991516888364233
0.0
0.0
0.0
0.0
0.0
0.0
0.0
0.0
0.0
0.0
0.0036033202424646435
0.0036033202424646435
0.0031835159423716747
0.0031835159423716747
0.0
0.0
0.003525829484562178
0.003525829484562178
0.0032465558620225995
0.0032465558620225995
0.0036433571340475836
0.0036433571340475836
0.0031835159423716747
0.0031835159423716747
0.0024289047560317224
0.0024289047560317224
0.0026877224759367423
0.0026877224759367423
0.0024654296395810716
0.0024654296395810716
0.00033769530593643927
0.0003262707881236642
0.0
6.59497469960343e-05
0.0
0.0
0.0
0.0
0.0
0.0
0.0
0.0
0.0
0.00033527826386940956
0.0
0.0
0.00040581948275282494
0.0
0.0
0.00043201863249576095
0.0
0.0002291419581162002
0.00016945847135105038
0.0
0.0
0.0
0.0
0.0
0.00039411315151957035
0.0
0.0
0.00027166706053378834
0.0007537980277339828
0.00031712006002348407
0.0004592466975690232
0.0005557663424818347
