0.0
0.0
0.0
0.0
0.0
0.0
0.0
0.0007589923316245249
0.0
0.0
0.0
0.0
0.0
0.0
0.0
0.0
0.0
0.0
0.0
0.0
0.0
0.0
0.0
0.000921737802732476
0.0
0.0
0.0
0.0
0.0
0.0
0.0
0.0
0.0
0.0
0.0
0.0
0.0
0.0
0.0
0.0
0.0
0.0
0.0
0.0
0.0
0.0
0.0
0.0
0.0
0.0
0.0
0.0
0.0
0.0
0.0
0.0
0.0
0.0
0.007100794924753889
0.007100794924753889
0.0
0.0
0.0
0.0
0.0
0.0009538381242206715
0.0
0.00019280114940502312
0.0
0.0
0.0
0.0
0.0
0.0
0.0
0.0
0.0
0.000980171078570322
0.0
0.0
0.0011863951916358602
0.0
0.0
0.0012629872395807313
0.0
0.0006698863136560272
0.0
0.0
0.0005695824805952317
0.0
0.0
0.0
0.0
0.0
0.0
0.0
0.0
0.0
0.0
0.0
