0.0
0.0
0.0
0.0
0.0
0.0
0.0
0.0007015492064078886
0.0006453435161639936
0.0
0.0
0.0
0.0
0.0
0.0
0.0
0.0
0.0
0.0
0.0
0.0
0.0
0.0
0.0
0.0
0.00034665753039638626
0.0
0.0
0.0
0.0
0.0
0.0
0.00047005657702555077
0.0
0.0
0.0
0.0
0.0
0.0
0.0
0.0
0.0
0.0
0.0
0.0
0.0
0.0
0.0
0.0
0.0
0.0
0.0
0.0
0.0
0.0
0.0
0.0
0.0
0.0
0.0
0.0
0.0
0.0
0.0
0.0
0.000881648405664839
0.0003378027631312098
0.0
0.0
0.000729264730611657
0.0
0.0
0.0
0.0003557031905632932
0.0
0.0
0.000361213472357588
0.0
0.0011145366637649852
0.0
0.0010966047619964893
0.0
0.0009201003610520907
0.0
0.0
0.0006191870354249918
0.0
0.0
0.0
0.0
0.0
0.0
0.0
0.0
0.0
0.0
0.0
0.0
0.0
0.0
