0.0006352418974127361
0.0006352418974127361
0.0
0.0006352418974127361
0.0
0.0006352418974127361
0.0006797926905481178
0.0
0.0
0.0
0.0
0.0
0.0
0.0
0.0
0.0
0.0
0.0
0.0
0.0
0.0
0.0
0.0
0.0007922199432156911
0.0
0.0
0.0009073884812162102
0.0
0.0
0.0
0.0007449446120653876
0.0
0.0
0.0
0.0
0.0
0.0
0.0
0.0
0.0
0.0
0.0
0.0
0.0
0.0
0.0
0.0
0.0
0.0
0.0
0.0
0.0
0.0
0.0
0.0
0.0
0.0
0.0
0.0
0.0
0.0
0.0
0.0
0.0
0.0
0.0
0.0
0.00016570972263562324
0.0
0.0
0.0
0.0
0.0
0.0
0.0
0.0
0.00033587800283094935
0.0
0.0
0.0006265465710603185
0.0
0.0
0.0008555646323409333
0.0
0.002381239135677222
0.0
0.0
0.0
0.0004895476773287694
0.0
0.0
0.0
0.0
0.0
0.0
0.0
0.0
0.0
0.0011539338108463848
0.0
