0.0006831585564326624
0.0006831585564326624
0.0
0.0006831585564326624
0.0007718263481647764
0.0006831585564326624
0.0
0.0
0.0
0.0
0.0
0.0
0.0
0.0
0.0
0.0
0.0
0.0
0.0
0.0
0.0
0.0
0.0
0.0
0.0010714106985407052
0.0
0.0
0.0
0.0
0.0
0.0
0.0
0.0
0.0018892465835675123
0.0
0.0
0.0
0.0
0.0
0.0
0.0
0.0
0.0
0.0
0.0
0.0
0.0
0.0
0.0
0.0
0.0
0.0
0.0
0.0
0.0
0.0
0.0
0.0
0.0
0.0
0.0
0.0
0.0
0.0
0.0
0.0
0.0003378027631312098
0.00017820930162774803
0.0
0.0
0.0
0.0
0.0
0.0003557031905632932
0.0
0.0
0.0
0.0
0.0
0.0
0.0
0.0
0.0009201003610520907
0.0
0.0
0.0
0.0
0.0
0.0
0.0
0.0
0.0
0.0
0.0008343282934963872
0.0
0.0007340982996629356
0.0
0.0
0.0
0.0
