0.0004641942878396009
0.0004641942878396009
0.00047035936822497064
0.0004641942878396009
0.0005244425011567617
0.0004641942878396009
0.0004967491677623452
0.0
0.0
0.0
0.0
0.0
0.0
0.0
0.0
0.0
0.0
0.0
0.0
0.0
0.007718717837537979
0.0
0.0005414208555107575
0.0005789038378153485
0.0007280048262732315
0.00023554772743660503
0.0006630616644581084
0.0
0.0
0.0
0.0
0.0
0.0003193952208636405
0.0
0.0
0.0
0.0
0.0
0.0
0.0
0.0
0.0
0.0
0.0
0.0
0.0
0.0
0.0
0.0
0.0
0.0
0.0
0.0
0.0
0.0
0.0
0.0
0.0
0.0
0.0
0.0
0.0
0.0
0.0
0.0
0.0
0.0
0.0001210901028415049
0.00118749505192892
0.0004955226266073764
0.0
0.0
0.001236262815868506
0.000241694095274172
0.0
0.0
0.0002454382353558754
0.0
0.0
0.0
0.0
0.0
0.0006251920989906152
0.0
0.0
0.0
0.0
0.000827005482593355
0.0003577302384598707
0.0
0.0
0.0
0.0
0.0
0.0
0.000498806952218693
0.0
0.0005822630477059598
0.0
0.0
