0.0
0.0
0.0005818183553880421
0.0
0.0
0.0
0.0
0.0005896496396648408
0.0005424089547681675
0.0
0.0
0.0
0.0
0.0
0.0
0.0
0.0
0.0
0.0
0.0
0.0
0.0
0.0
0.0007160841297083596
0.0
0.0
0.0
0.0
0.0
0.0
0.0006733521653677159
0.0
0.0003950808991494397
0.0
0.0
0.0
0.0
0.0
0.0
0.0
0.0
0.0
0.0
0.0
0.0
0.0
0.0
0.0
0.0
0.0
0.0
0.0
0.0
0.0
0.0
0.0
0.0
0.0
0.0
0.0
0.0
0.0
0.005599454848847322
0.005599454848847322
0.0007669696136938145
0.0007410223829817849
0.0
0.0001497842910089891
0.0
0.0
0.0
0.0
0.0
0.00029896728016727976
0.0
0.0
0.0
0.0007614800561315889
0.0009367641445241432
0.0
0.0009216924441790765
0.0
0.0
0.0
0.0
0.0005204245247356351
0.0
0.0010229773281547993
0.0
0.0
0.0
0.0
0.0
0.0
0.0
0.0006170070380254298
0.0
0.0
0.0
0.0
