0.0006136314705813995
0.0006136314705813995
0.0
0.0006136314705813995
0.0006932752764321213
0.0006136314705813995
0.0
0.0
0.0005796649798573017
0.0
0.0
0.0
0.0
0.0
0.0
0.0
0.0
0.0
0.0
0.0
0.0
0.0
0.0007157194400576216
0.0
0.0
0.0
0.0
0.0
0.0
0.0
0.0
0.0
0.0004222175158324006
0.0
0.0
0.0
0.0
0.0
0.0
0.0
0.0
0.0
0.0
0.0
0.0
0.0
0.0
0.0
0.0
0.0
0.0
0.0
0.0
0.0
0.0
0.0
0.0
0.0
0.0
0.0
0.0
0.0
0.0
0.0
0.0
0.0007919204152677364
0.0
0.00016007240895898534
0.0
0.0
0.0
0.004302054147805812
0.0
0.0003195022149113108
0.0
0.0
0.0
0.0
0.0
0.0006052319523529089
0.0
0.0
0.0
0.0
0.0
0.0
0.000411307502503398
0.0
0.0
0.0
0.0
0.0
0.0
0.0007494162121883947
0.0
0.0
0.001829609235273736
0.0
0.0
0.0
