0.0006831585564326624
0.0006831585564326624
0.0
0.0006831585564326624
0.0007718263481647764
0.0006831585564326624
0.0
0.0007015492064078886
0.0006453435161639936
0.0
0.0
0.0
0.0
0.0
0.0
0.0
0.0
0.0
0.0
0.0
0.0
0.0
0.0007968135320981684
0.0
0.0010714106985407052
0.00034665753039638626
0.0009758333124374046
0.0
0.0
0.0
0.0
0.0
0.0
0.0
0.0
0.0
0.0
0.0
0.0
0.0
0.0
0.0
0.0
0.0
0.0
0.0
0.0
0.0
0.0
0.0
0.0
0.0
0.0
0.0
0.0
0.0
0.0
0.0
0.0
0.0
0.0
0.0
0.0
0.0
0.0
0.0
0.0
0.0
0.0
0.0
0.0
0.0
0.0
0.0
0.0
0.0
0.000361213472357588
0.0
0.0
0.0
0.0
0.0
0.0
0.0
0.0
0.0
0.0
0.0
0.0
0.0
0.0
0.0
0.0
0.0008343282934963872
0.0
0.0
0.0
0.0
0.0
0.0
