0.0
0.0
0.0
0.0
0.0
0.0
0.0
0.0006760664800647364
0.0
0.0
0.0
0.0
0.0
0.0
0.0
0.0
0.0
0.0
0.0
0.0
0.0
0.0
0.0
0.0
0.0
0.0
0.0
0.0
0.0
0.0009352376389066397
0.0007720361341064756
0.0
0.00045298247444125304
0.0
0.0
0.0
0.0
0.0
0.0
0.0
0.0
0.0
0.0
0.0
0.0
0.0
0.0
0.0
0.0
0.0
0.0
0.0
0.0
0.0
0.0
0.0
0.0
0.0
0.0
0.0
0.0
0.0
0.0
0.0
0.0
0.0
0.0003255325826617469
0.0001717361151089626
0.0
0.0
0.0
0.0
0.0
0.0
0.0012321384766547793
0.0
0.0
0.0
0.0
0.0
0.0010567722330714878
0.0012043328128656728
0.0008866790906768038
0.0
0.0
0.0
0.00044127750094147906
0.0011729010498925303
0.0005073511374460856
0.0
0.0
0.0
0.0
0.0
0.0
0.0
0.0
0.0008257949364813946
0.0
0.0
