0.0004641942878396009
0.0004641942878396009
0.0
0.0004641942878396009
0.0
0.0004641942878396009
0.0004967491677623452
0.0004766904127695664
0.0004384996295178168
0.0
0.0
0.0
0.0
0.0
0.0
0.0
0.0
0.0
0.0
0.0
0.0
0.0
0.0
0.0005789038378153485
0.0
0.00023554772743660503
0.0
0.0
0.004300428509485445
0.0
0.0
0.0
0.0003193952208636405
0.0012837100028314763
0.0
0.0
0.0
0.0
0.0
0.0
0.0
0.0
0.0
0.0
0.0
0.0
0.0
0.0
0.0
0.0
0.0
0.0
0.0
0.0
0.0
0.0
0.0
0.0
0.0
0.0
0.0
0.0
0.0
0.0
0.0
0.0
0.0
0.0001210901028415049
0.00118749505192892
0.0
0.0
0.0
0.0
0.000241694095274172
0.0
0.0
0.0002454382353558754
0.0
0.0
0.00045784029758780406
0.0007451237516435178
0.0
0.0006251920989906152
0.0007932279200631916
0.0
0.0004207267584402253
0.0
0.0
0.0003577302384598707
0.0008081342165476004
0.00708305872150544
0.0
0.0
0.0
0.0007041637325473245
0.0
0.0
0.0
0.0
0.0
