0.0
0.0
0.0
0.0
0.0
0.0
0.0
0.0
0.0
0.0
0.0
0.0
0.0
0.0
0.0
0.0
0.0
0.0
0.0
0.0
0.0
0.0
0.0
0.0
0.0
0.0
0.0
0.0
0.0
0.0
0.0
0.0
0.0005819151262642209
0.0
0.0
0.0
0.0
0.0
0.0
0.0
0.0
0.0
0.0
0.0
0.0
0.0
0.0
0.0
0.0
0.0
0.0
0.0
0.0
0.0
0.0
0.0
0.0
0.0
0.0
0.0
0.0
0.0
0.0
0.0
0.0
0.0
0.0
0.00022061746037973782
0.0021635305976490265
0.0
0.0
0.0
0.0
0.0
0.0
0.0
0.0
0.001121584880376336
0.0
0.0
0.0
0.0
0.0
0.0
0.0031702601532024753
0.0
0.0005668785596940859
0.0
0.0
0.0
0.0
0.0
0.0
0.0
0.0
0.0009087904001723748
0.002521632213811624
0.0
0.0
0.0
