0.0008457286145012
0.0008457286145012
0.0
0.0008457286145012
0.0
0.0008457286145012
0.0
0.0
0.0
0.0
0.0
0.0
0.0
0.0
0.0
0.0
0.0
0.0
0.0
0.0
0.0
0.0
0.0
0.0
0.0
0.0
0.0
0.0
0.0
0.0
0.0
0.0
0.0
0.0
0.0
0.0
0.0
0.0
0.0
0.0
0.0
0.0
0.0
0.0
0.0
0.0
0.0
0.0
0.0
0.0
0.0
0.0
0.0
0.0
0.0
0.0
0.0
0.0
0.0
0.0
0.0
0.0
0.0
0.0
0.0
0.0010914527492617476
0.0
0.0
0.0
0.0
0.0
0.0
0.002252381956895393
0.0
0.0
0.0
0.0
0.0
0.0
0.000834152101146811
0.0
0.0
0.0
0.0
0.0
0.0
0.0
0.0
0.0006517587718407942
0.0
0.0
0.0
0.0
0.0
0.0
0.0
0.0
0.0
0.0
0.0
