0.0
0.0
0.0008569609476625442
0.0
0.0
0.0
0.0009050412648581324
0.0
0.0
0.0
0.0
0.0
0.0
0.0
0.0
0.0
0.0
0.0
0.0
0.0
0.0
0.0
0.0009864298678130005
0.0
0.0
0.0
0.0
0.0
0.0
0.0
0.0
0.0
0.0
0.0
0.0
0.0
0.0
0.0
0.0
0.0
0.0
0.0
0.0
0.0
0.0
0.0
0.0
0.0
0.0
0.0
0.0
0.0
0.0
0.0
0.0
0.0
0.0
0.0
0.0
0.0
0.0
0.0
0.0
0.0
0.0
0.0
0.00041818910141367
0.0
0.0
0.0
0.0
0.0
0.0
0.0
0.0
0.0
0.0
0.0
0.0013797610226516433
0.0
0.0
0.0
0.0
0.0014452042332121957
0.0
0.0
0.0
0.0
0.0
0.0
0.0
0.0
0.0
0.0010328719519849872
0.0
0.0
0.0
0.0010608414052302288
0.0
0.0
