0.0004031447534929357
0.0004031447534929357
0.0
0.0004031447534929357
0.0004554692903138829
0.0004031447534929357
0.0004314181066669452
0.0
0.000380829384763538
0.0
0.0
0.0
0.0
0.0
0.0
0.0
0.0
0.0
0.0
0.0
0.0
0.0
0.0004702146989931094
0.000502768024308017
0.0
0.00020456914917071112
0.0
0.0
0.0
0.0005727039926400193
0.0
0.0012599487838080427
0.0
0.0
0.0
0.0
0.0
0.0
0.0
0.0
0.0
0.0
0.0
0.0
0.0
0.0
0.0
0.0
0.0
0.0
0.0
0.0
0.0
0.0
0.0
0.0
0.0
0.0
0.0
0.0
0.004285891354756866
0.004285891354756866
0.0
0.0
0.0
0.0
0.0
0.00010516467121487079
0.0
0.0
0.0
0.0
0.0
0.0002099071639021829
0.0007545147839543112
0.0
0.00021315888515301167
0.0005346408438449261
0.0
0.00039762642226641643
0.0
0.0007374876520174014
0.0005429685828456257
0.0
0.0015112102464749642
0.0
0.00027022157378828816
0.0007182400347257385
0.000310682558098834
0.0007018506648058222
0.0
0.0
0.0006284600303850212
0.0
0.0006115540880471785
0.00043320525706738825
0.0
0.0
0.0
0.0
