0.0
0.0
0.0005818183553880421
0.0
0.0
0.0
0.0
0.0
0.0005424089547681675
0.0
0.0
0.0
0.0
0.0
0.0
0.0
0.0
0.0
0.0
0.0
0.0
0.0
0.0
0.0007160841297083596
0.0
0.0
0.0
0.0
0.0
0.0
0.0
0.0
0.0
0.0
0.0
0.0
0.0
0.0
0.0
0.0
0.003431923939616101
0.003431923939616101
0.0
0.0
0.0
0.0
0.0
0.0
0.0
0.0
0.0
0.0
0.0
0.0
0.0
0.0
0.0
0.0
0.0
0.0
0.0
0.0
0.0
0.0
0.0007669696136938145
0.0
0.0
0.0001497842910089891
0.0
0.0
0.0
0.0
0.0
0.0
0.0
0.0029435869363505685
0.00030359865262808556
0.0007614800561315889
0.0
0.0
0.0
0.0010503913891349703
0.0007733411161959438
0.0009811956454501896
0.0
0.0
0.00038487209038588825
0.0010229773281547993
0.00044249999696773255
0.0
0.0
0.0
0.0008951051621354494
0.0
0.0
0.0
0.0
0.0007202393567666285
0.0
0.0
