0.0006352418974127361
0.0006352418974127361
0.0006436787038627491
0.0006352418974127361
0.0
0.0006352418974127361
0.0
0.0
0.0
0.0
0.0
0.0
0.0
0.0
0.0
0.0
0.0
0.0
0.0
0.0
0.0
0.0
0.0007409251267484881
0.0
0.0009962620809483903
0.0
0.0
0.0
0.0
0.0009024192124253217
0.0
0.0
0.0
0.0017567350553183768
0.0
0.0
0.0
0.0
0.0
0.0
0.0
0.0
0.0
0.0
0.0
0.0
0.0
0.0
0.0
0.0
0.0
0.0
0.0
0.0
0.0
0.0
0.0
0.0
0.0
0.0
0.0
0.0
0.0
0.0
0.0
0.0
0.0
0.00016570972263562324
0.0
0.0
0.0
0.0
0.0
0.0003307542115392689
0.001188901502084154
0.0
0.0
0.0
0.0
0.0
0.0
0.0
0.0008555646323409333
0.0
0.0
0.0
0.0
0.0
0.0
0.0
0.0
0.0
0.0
0.0007758086072922022
0.0
0.0
0.0
0.0
0.0
0.001396455493125964
