0.00047786334486383495
0.00047786334486383495
0.0
0.00047786334486383495
0.0
0.00047786334486383495
0.0
0.0004907274412418004
0.0004514120599332804
0.0
0.0
0.0
0.0
0.0
0.0
0.0
0.0
0.0
0.0
0.0
0.0
0.0
0.0005573639912665414
0.0
0.0
0.00024248386474506808
0.0
0.0
0.0
0.0
0.0
0.0014934668874419133
0.00032880040227501004
0.0
0.0
0.0
0.0
0.0
0.0
0.0
0.0
0.0
0.0
0.0
0.0
0.0
0.0
0.0
0.0
0.0
0.0
0.0
0.0
0.0
0.0
0.0
0.0
0.0
0.0
0.0
0.0
0.0
0.0
0.0
0.0
0.0
0.0002362900336593191
0.000124655824273611
0.0
0.0
0.0
0.0
0.0
0.0002488112237207523
0.0
0.00244975793789879
0.00025266561691332816
0.0006337308366956994
0.0
0.00047132224964896875
0.0007670652949113787
0.0008741731428609223
0.0006436020335289657
0.0
0.0
0.0
0.0
0.0008513581844620797
0.000368264265174328
0.0008319312191790522
0.0
0.0
0.0
0.0
0.0
0.0
0.0
0.0005994088571454488
0.0
0.0
