0.00047786334486383495
0.00047786334486383495
0.00048420996741280783
0.00047786334486383495
0.0
0.00047786334486383495
0.0005113768632742524
0.0
0.0004514120599332804
0.0
0.0
0.0
0.0
0.0
0.0
0.0
0.0
0.0
0.0
0.0
0.0
0.003501631402759288
0.0005573639912665414
0.0005959507291234558
0.0
0.00024248386474506808
0.0
0.0
0.0
0.0006788485852008697
0.0005603876657218752
0.0
0.0
0.0
0.0
0.0
0.0
0.0
0.0
0.0
0.0
0.0
0.0
0.0
0.0
0.0
0.0
0.0
0.0
0.0
0.0
0.0
0.0
0.0
0.0
0.0
0.006017366585324212
0.006017366585324212
0.0
0.0
0.0
0.0
0.0
0.0
0.0
0.0
0.0002362900336593191
0.000124655824273611
0.0
0.0
0.0
0.0
0.0
0.0002488112237207523
0.0
0.0
0.00025266561691332816
0.0
0.0
0.0
0.0
0.0
0.0
0.0
0.0
0.0004331158338842725
0.0
0.0
0.0
0.0008319312191790522
0.0
0.0
0.0
0.0
0.0007248991325010456
0.0005134952429895559
0.0
0.0005994088571454488
0.0
0.0
