0.00022546632529071983
0.00022546632529071983
0.00022846079992348722
0.00022546632529071983
0.00025472981176137945
0.00022546632529071983
0.00024127873259246173
0.00023153588590820554
0.00021298603343194728
0.0010751096466987632
0.0
0.0
0.0
0.0
0.0
0.0
0.0
0.0
0.0
0.0
0.0
0.0
0.0002629764603435824
0.0002811825229827535
0.0003536031727957238
0.00011440916428093256
0.0
0.0
0.0
0.00032029553548966445
0.00026440309575231794
0.0
0.00015513518509393295
0.0
0.0
0.0
0.0
0.0
0.0
0.0
0.0
0.0
0.0
0.0
0.0
0.0
0.0
0.0
0.0
0.0
0.0
0.0
0.0
0.0
0.0
0.0
0.0
0.0
0.0
0.0
0.0
0.0
0.002198720480466644
0.002198720480466644
0.0003011635673553693
0.0002909749491562822
0.00011148677998553702
5.881533063195165e-05
0.0005767846625287251
0.0002406829826354433
0.0030461439989798293
0.0015807017508219657
0.000600471917663375
0.00011739454994061165
0.00042197665786733565
0.0011558491063322672
0.00011921313652754326
0.00029900799989986056
0.00036783625648058316
0.0002223800942221016
0.0003619180988886926
0.0004124539124147583
0.0003036654453811668
0.0003852830354440891
0.0008451729014510509
0.00020435347582254619
0.00015112652398039463
0.0004016893185467907
0.00017375509441596175
0.0003925232535598169
0.0
0.0
0.0003514781537284419
0.0002753576496252953
0.00034202318585036684
0.00024227823024197483
0.0
0.00028281414303874626
0.0
0.0004956437693255316
