0.0
0.0
0.0
0.0
0.0
0.0
0.0
0.0
0.0
0.0
0.0
0.0
0.0
0.0
0.0
0.0
0.0
0.0
0.0
0.0
0.0
0.0
0.0
0.0
0.0
0.0
0.0009758333124374046
0.0
0.0
0.0
0.0
0.0
0.00047005657702555077
0.0018892465835675123
0.0
0.0
0.0
0.0
0.0
0.0
0.0
0.0
0.0
0.0
0.0
0.0
0.0
0.0
0.0
0.0
0.0
0.0
0.0
0.0
0.0
0.0
0.0
0.0
0.0
0.0
0.0
0.0
0.0
0.0
0.0
0.0
0.0003378027631312098
0.00017820930162774803
0.0
0.0
0.0
0.0
0.0
0.0003557031905632932
0.0012785810212022559
0.0
0.000361213472357588
0.0
0.0011145366637649852
0.0
0.0
0.0
0.0009201003610520907
0.0
0.0
0.0
0.0004579104122445288
0.0
0.0
0.0011893377821384742
0.0
0.0
0.0
0.0008343282934963872
0.0
0.0
0.0
0.0
0.0
0.0
