0.0
0.0
0.0
0.0
0.0
0.0
0.0007909301277572401
0.0007589923316245249
0.0
0.0
0.0
0.0
0.0
0.0
0.0
0.0
0.0
0.008558993882515848
0.0
0.0
0.0
0.0
0.0
0.0
0.0
0.00037504198546235327
0.0
0.010893264941383807
0.0
0.0
0.0
0.0
0.0
0.002043938837615725
0.0
0.0
0.0
0.0
0.0
0.0
0.0
0.0
0.0
0.0
0.0
0.0
0.0
0.0
0.0
0.0
0.0
0.0
0.0
0.0
0.0
0.0
0.0
0.0
0.0
0.0
0.0
0.0
0.0
0.0
0.0
0.0
0.00036546218636743233
0.0
0.0
0.0
0.0
0.0
0.0
0.0003848283078449518
0.0
0.0
0.0
0.0
0.0
0.0
0.0
0.0
0.0
0.0
0.0
0.0
0.0
0.0
0.0005695824805952317
0.0
0.011277733115785588
0.0
0.0
0.0
0.0
0.0007942065574496893
0.0
0.0
0.0
0.0
