0.0
0.0
0.0005460703158875148
0.0
0.0006088588887944415
0.0
0.0
0.0005534204309865549
0.0
0.0
0.0
0.0
0.0
0.0
0.0
0.0
0.0
0.0
0.0
0.0
0.0
0.0
0.0
0.0006720865426307874
0.0
0.000273462443010962
0.0007697907536740297
0.0
0.0
0.0
0.0006319801124195468
0.0
0.0
0.0
0.0
0.0
0.0
0.0
0.0
0.0
0.0
0.0
0.0
0.0
0.0
0.0
0.0
0.0
0.0
0.0
0.0
0.0
0.0
0.0
0.0
0.0
0.0
0.0
0.0
0.0
0.0
0.0
0.0
0.0
0.0
0.0006954925416278794
0.0
0.0
0.0013786390618067434
0.0
0.0
0.0
0.0
0.0
0.0
0.0
0.00028494496711619195
0.0
0.0008792075526239231
0.0
0.0
0.0
0.0
0.0009209090966218957
0.0020201445212023666
0.0004884486403466239
0.000361224808442387
0.0
0.00041531194553536476
0.0
0.0
0.0
0.0
0.0006581638458907898
0.0
0.0
0.001606827596174756
0.0006759864645416044
0.0
0.0011846949226034219
