0.0
0.0
0.0
0.0
0.0
0.0
0.0009528894059288311
0.0
0.0
0.0
0.0
0.0
0.0
0.0
0.0
0.0
0.0
0.0
0.0
0.0
0.0
0.0
0.0
0.0
0.0
0.0
0.0
0.0
0.0
0.0
0.0
0.0
0.0
0.0
0.0
0.0
0.0
0.0
0.0
0.0
0.0
0.0
0.0
0.0
0.0
0.0
0.0
0.0
0.0
0.0
0.0
0.0
0.0
0.0
0.0
0.0
0.0
0.0
0.0
0.0
0.0
0.0
0.0
0.0
0.0
0.0
0.00044029811665487737
0.0
0.0
0.0
0.0
0.0
0.0
0.0
0.0
0.0
0.00047081205054453457
0.0
0.0
0.0
0.0
0.0
0.0
0.0
0.0
0.0008070593710592196
0.000596848558132167
0.0
0.0
0.0
0.0
0.0
0.001388103317290557
0.0
0.0
0.0009568367522665644
0.0
0.0
0.0
0.0
