0.0004262466990422365
0.0004262466990422365
0.00043190778801389126
0.0004262466990422365
0.00048156965910956515
0.0004262466990422365
0.0
0.0004377212736799531
0.00040265256275147913
0.0020325072377124294
0.0
0.0
0.0
0.0
0.0
0.0
0.0
0.0
0.0
0.0
0.0
0.0
0.0004971600437569971
0.0
0.0
0.00021629185002260595
0.0
0.0
0.003948871204698434
0.0006055224191213371
0.0
0.0
0.00029328486400943273
0.0
0.0
0.0
0.0
0.0
0.0
0.0
0.0
0.0
0.0
0.0
0.0
0.0
0.0
0.0
0.0
0.0
0.0
0.0
0.0
0.0
0.0
0.0
0.0
0.0
0.0
0.0
0.0
0.0
0.004156706531261509
0.004156706531261509
0.0005693532117999802
0.0
0.0
0.00011119106368821013
0.0
0.0
0.0
0.0
0.0011351991142870242
0.0002219357561853797
0.0007977517585249362
0.0
0.0002253738151886591
0.0
0.0
0.0
0.0
0.0
0.0
0.0
0.0
0.00038633261261899424
0.0
0.0
0.0
0.0
0.0
0.0
0.0
0.0005205668254781363
0.0006465987937517904
0.00045802980004787136
0.0012709010773742087
0.0
0.0
0.0009370202858606454
