0.0006352418974127361
0.0006352418974127361
0.0006436787038627491
0.0006352418974127361
0.0
0.0006352418974127361
0.0
0.0006523426294095952
0.0
0.0
0.0
0.0
0.0
0.0
0.0
0.0
0.0
0.0
0.0
0.0
0.0
0.0
0.0
0.0
0.0
0.0003223430128890136
0.0
0.0
0.0
0.0
0.0007449446120653876
0.001985322267335708
0.0
0.0
0.0
0.0
0.0
0.0
0.0
0.0
0.0
0.0
0.0
0.0
0.0
0.0
0.0
0.0
0.0
0.0
0.0
0.0
0.0
0.0
0.0
0.0
0.0
0.0
0.0
0.0
0.0
0.0
0.0
0.0
0.0
0.0
0.0
0.00016570972263562324
0.0
0.0
0.0
0.0
0.0016918043961895663
0.0
0.0
0.0
0.00033587800283094935
0.0
0.0
0.0006265465710603185
0.0
0.0
0.0
0.0
0.002381239135677222
0.0
0.0
0.0
0.0
0.0
0.0
0.0
0.0
0.0
0.0
0.0006826087331767346
0.0
0.0
0.0
0.0
