0.0
0.0
0.0006922317560102839
0.0
0.0
0.0
0.0007310698413309928
0.0
0.0
0.0
0.0
0.0
0.0
0.0
0.0
0.0
0.0
0.0
0.0
0.0
0.0
0.0
0.0007968135320981684
0.0
0.0
0.0
0.0
0.0
0.0
0.0
0.0
0.0
0.0
0.0
0.0
0.0
0.0
0.0
0.0
0.0
0.0
0.0
0.0069768239975839625
0.0069768239975839625
0.0
0.0
0.0
0.0
0.0
0.0
0.0
0.0
0.0
0.0
0.0
0.0
0.0
0.0
0.0
0.0
0.0
0.0
0.0
0.0
0.0
0.0
0.0003378027631312098
0.00017820930162774803
0.0
0.0
0.0
0.0
0.0
0.0
0.0
0.0
0.0
0.0009059883923242979
0.0
0.0
0.0
0.0
0.0
0.0
0.0
0.0006191870354249918
0.0
0.0
0.0005264745381421054
0.0
0.0
0.0
0.0
0.0
0.0010363235645534073
0.0007340982996629356
0.0
0.0
0.0012409756970492482
0.0
