0.0
0.0
0.0
0.0
0.0
0.0
0.0
0.0
0.000560488768114877
0.0
0.0
0.0
0.0
0.0
0.0
0.0
0.0
0.0
0.0
0.0
0.0
0.0
0.0006920423368900415
0.0
0.0
0.00030107632183948594
0.0
0.0
0.0
0.0008428817947664032
0.00069579663528185
0.0
0.0
0.0
0.0
0.0
0.0
0.0
0.0
0.0
0.0
0.0
0.0
0.0
0.008456605259579409
0.008456605259579409
0.007471369695356563
0.007471369695356563
0.0
0.0
0.0
0.0
0.0
0.0
0.0
0.0
0.0
0.0
0.0
0.0
0.006307795726407592
0.006307795726407592
0.0
0.0
0.0007925345814847848
0.0
0.00029338584773988796
0.00015477696673807845
0.0
0.0
0.0
0.0
0.0
0.0003089325887682562
0.0
0.0
0.0
0.0
0.0
0.0
0.0009524147012645126
0.0
0.0
0.0
0.0
0.0
0.0003977008158251814
0.0
0.0
0.0
0.0
0.0
0.0
0.0
0.0
0.0
0.0
0.0
0.0
0.0
