0.0006136314705813995
0.0006136314705813995
0.0
0.0006136314705813995
0.0
0.0006136314705813995
0.0
0.0006301504492035433
0.0
0.0
0.0
0.0
0.0
0.0
0.0
0.0
0.0
0.0
0.0
0.0
0.0
0.0
0.0
0.0007652692474462262
0.0
0.0
0.0008765198428899507
0.0
0.0
0.0
0.0
0.0
0.0
0.0
0.0
0.0
0.0
0.0
0.0
0.0
0.0
0.0
0.0
0.0
0.0
0.0
0.0
0.0
0.0
0.0
0.0
0.0
0.0
0.0
0.0
0.0
0.0
0.0
0.0
0.0
0.0
0.0
0.0
0.0
0.0
0.0
0.0003034235674205395
0.00016007240895898534
0.0
0.000655045281764671
0.0
0.0
0.0
0.0003195022149113108
0.001148456013483514
0.0
0.0
0.0008137832488180729
0.0
0.0
0.0
0.0
0.0
0.0010485902731805997
0.0
0.0
0.0
0.0
0.0
0.0010682953252940607
0.0
0.0
0.0
0.0
0.0
0.0
0.0
0.0
0.0
0.0013489491819391106
