0.0
0.0
0.0
0.0
0.0
0.0
0.0
0.0009144116864495196
0.0
0.0
0.0
0.0
0.0
0.0
0.0
0.0
0.0
0.0
0.0
0.0
0.0
0.0
0.0
0.0
0.0
0.0
0.0
0.0
0.0
0.0
0.0
0.0
0.0
0.0
0.0
0.0
0.0
0.0
0.0
0.0
0.0
0.0
0.0
0.0
0.0
0.0
0.0
0.0
0.0
0.0
0.0
0.0
0.0
0.0
0.0
0.0
0.0
0.0
0.0
0.0
0.0
0.0
0.0
0.0
0.0
0.0011491561790902918
0.00044029811665487737
0.0
0.0
0.0
0.0
0.0
0.0
0.0
0.0
0.0
0.00047081205054453457
0.0
0.0
0.0008782524410537972
0.0
0.0
0.0
0.0
0.0
0.0
0.000596848558132167
0.0
0.0
0.0015502039731352258
0.0
0.0
0.0
0.0
0.0
0.0
0.0
0.0
0.0
0.0
