0.0
0.0
0.0
0.0
0.0
0.0
0.0
0.0
0.0
0.0
0.014084170243728577
0.0
0.0
0.0
0.0
0.0
0.0
0.0
0.0
0.0
0.0
0.0
0.0
0.0
0.0
0.0
0.0
0.0
0.0
0.0
0.0
0.0
0.0
0.0
0.0
0.0
0.0
0.0
0.0
0.0
0.0
0.0
0.0
0.0
0.0
0.0
0.0
0.0
0.0
0.0
0.0
0.0
0.0
0.0
0.0
0.0
0.0
0.0
0.0
0.0
0.0
0.0
0.0
0.0
0.0
0.0
0.0
0.00023228116652971505
0.002277913136066555
0.0
0.0
0.0
0.0
0.0
0.0
0.0
0.0
0.0
0.0
0.0008782524410537972
0.0
0.0016289167277655054
0.0
0.0
0.0
0.0
0.0
0.0
0.0
0.0
0.0
0.0
0.001388103317290557
0.0
0.0
0.0009568367522665644
0.0
0.0
0.0
0.0
