0.0
0.0
0.0
0.0
0.0
0.0
0.0
0.0
0.0006000791995224463
0.00302907625347176
0.0
0.0
0.0
0.0
0.0
0.0
0.0
0.0
0.0
0.0
0.0
0.0
0.0
0.0
0.0009962620809483903
0.0
0.0
0.0
0.0
0.0
0.0
0.0
0.0
0.0
0.0
0.0
0.0
0.0
0.0
0.0
0.0
0.0
0.0
0.0
0.009053942208179329
0.009053942208179329
0.0
0.0
0.0
0.0
0.0
0.0
0.0
0.0
0.0
0.0
0.0
0.0
0.0
0.0
0.0
0.0
0.0061948025634911185
0.0061948025634911185
0.0008485156961321512
0.0
0.00031410931793531026
0.00016570972263562324
0.0
0.0
0.0
0.0
0.0
0.0003307542115392689
0.0
0.0
0.00033587800283094935
0.000842442475403189
0.0
0.0
0.0
0.0
0.0
0.0
0.0
0.0
0.0
0.0
0.0
0.0
0.0
0.0
0.000990274929019614
0.0
0.0
0.0006826087331767346
0.0
0.0
0.0
0.0
