0.0005069987040692319
0.0005069987040692319
0.0005137322806076514
0.0005069987040692319
0.0005728025428377995
0.0005069987040692319
0.0
0.0
0.0004789346825766889
0.0
0.0
0.0
0.0
0.0
0.0
0.0
0.0
0.0
0.0
0.0
0.0
0.0
0.0005913465100519729
0.0
0.0
0.0002572681217440508
0.0
0.0
0.0
0.0
0.0
0.0
0.0
0.0
0.0
0.0
0.0
0.0
0.0
0.0
0.0
0.0
0.0
0.0
0.0
0.0
0.0
0.0
0.0
0.0
0.0
0.0
0.0
0.0
0.007306414657531042
0.007306414657531042
0.0
0.0
0.0
0.0
0.0
0.0
0.0
0.0
0.0006772166005950503
0.0
0.0002506966523743019
0.00013225609798427068
0.0
0.0
0.0
0.0
0.0
0.0002639812602078659
0.0
0.0
0.0
0.0
0.0
0.0
0.0008138333158141012
0.0
0.0006828424913580413
0.0
0.0
0.0
0.0
0.0
0.0
0.0
0.0
0.0
0.0007903573547810022
0.0006191876828416138
0.0
0.0005448030813403428
0.0
0.0
0.0009209766375039129
0.0011145378291149049
