0.0
0.0
0.0
0.0
0.0
0.0
0.0
0.0
0.0
0.0
0.0
0.0
0.0
0.0
0.0
0.0
0.0
0.0
0.0
0.0
0.0
0.0
0.0
0.0009615384615384616
0.0012091898428053204
0.0
0.0011013215859030838
0.0
0.0
0.0
0.0
0.0024096385542168677
0.0
0.0
0.0
0.0
0.0
0.0
0.0
0.0
0.0
0.0
0.0
0.0
0.0
0.0
0.0
0.0
0.0
0.0
0.0
0.0
0.0
0.0
0.0
0.0
0.0
0.0
0.0
0.0
0.0
0.0
0.0
0.0
0.0
0.0
0.0
0.00020112630732099757
0.0
0.0
0.0
0.0
0.0
0.0
0.0
0.0
0.00040766408479412964
0.0
0.0
0.0
0.0
0.0
0.0
0.0013175230566534915
0.002890173410404624
0.0
0.0
0.0013736263736263737
0.0
0.0
0.0
0.008695652173913044
0.0
0.0
0.0
0.0
0.0
0.0
0.0
0.0
