0.0005560882028120054
0.0005560882028120054
0.0
0.0005560882028120054
0.0
0.0005560882028120054
0.0005950877879927154
0.0
0.0
0.0
0.0
0.0
0.0
0.0
0.0
0.0
0.0
0.0
0.0
0.0
0.0
0.0
0.0
0.0
0.0
0.0
0.0007943242280255188
0.0
0.0
0.0
0.0006521215181258327
0.0
0.0
0.0
0.0
0.0
0.0
0.0
0.0
0.0
0.0
0.0
0.0
0.0
0.0
0.0
0.0
0.0
0.0
0.0
0.0
0.0
0.0
0.0
0.0
0.0
0.0
0.0
0.0
0.0
0.0
0.0
0.0
0.0
0.0
0.0
0.0
0.00014506162490892418
0.0014225767239589174
0.0
0.0
0.0
0.0
0.0
0.0010407595945846624
0.0
0.0
0.0
0.0
0.0005484763490853011
0.0
0.0
0.0
0.0009502587602729526
0.0
0.0005040156527233899
0.0003727371571303209
0.000990723075614246
0.0004285480683583904
0.0
0.0
0.0
0.0
0.0
0.0008435630398212527
0.0
0.001658037698959014
0.0006975303665833376
0.0
0.0
