0.00033292079871473016
0.00033292079871473016
0.0003373424030726602
0.00033292079871473016
0.0003761309023806664
0.00033292079871473016
0.0003562692045651857
0.0
0.0003144925534836162
0.0
0.0
0.0
0.0
0.0
0.0
0.0
0.0
0.0
0.0
0.0
0.0
0.0
0.0
0.0
0.0
0.00016893516272809274
0.0
0.0
0.0030842733995214643
0.00047294444242388284
0.0003904143543698056
0.0
0.00022907070341273474
0.0009206786267228252
0.0
0.0
0.0
0.0
0.0
0.0
0.0
0.0
0.0
0.0
0.0
0.0
0.0
0.0
0.0
0.0
0.0
0.0
0.0
0.0
0.0
0.0
0.0
0.0
0.0
0.0
0.0
0.0
0.0
0.0
0.0
0.00042965002580398504
0.00016462000607434427
8.684599274597848e-05
0.0008516731280729883
0.0
0.0
0.0
0.0008866494372340966
0.00017334334642031516
0.0
0.0
0.00017602864897391153
0.00044151152958384976
0.0
0.0003283637079338441
0.0005344038068477785
0.000609024366619189
0.00044838865621288164
0.0005689041843649605
0.00124797189576013
0.0003017458252501782
0.00022315156378966666
0.0005931294999079739
0.00025656463216459
0.0005795950012523557
0.0
0.0
0.0005189883124194772
0.00040658971368456214
0.0005050272233134562
0.00035774505048301986
0.0
0.0
0.0
0.0
