0.0
0.0
0.0
0.0
0.0
0.0
0.0007045148220476585
0.0006760664800647364
0.0006219023775103876
0.0
0.0
0.0
0.0
0.0
0.0
0.0
0.0
0.0
0.0
0.0
0.0
0.004824135391648373
0.0
0.0
0.0
0.0
0.0
0.0
0.0
0.0
0.0
0.0
0.0
0.0018206225252063155
0.0
0.0
0.0
0.0
0.0
0.0
0.0
0.0
0.0
0.0
0.0
0.0
0.0
0.0
0.0
0.0
0.0
0.0
0.0
0.0
0.0
0.0
0.0
0.0
0.0
0.0
0.0
0.0
0.0
0.0
0.0
0.0
0.0003255325826617469
0.0001717361151089626
0.0
0.0
0.0
0.0
0.0017533305222212773
0.0003427828038224657
0.0
0.0
0.0
0.0
0.0010740527853103925
0.0006493322922598951
0.0
0.0
0.0008866790906768038
0.0
0.0
0.0
0.0
0.0
0.0005073511374460856
0.0
0.0
0.0
0.0
0.0008040225652747289
0.0
0.0
0.0
0.0
0.0
0.0
