0.0004384242373485063
0.0004384242373485063
0.00044424705925079117
0.0004384242373485063
0.0
0.0004384242373485063
0.0
0.0
0.0
0.0
0.0
0.0
0.0
0.0
0.0
0.0
0.0
0.0
0.0
0.0
0.0
0.0
0.0005113635214397596
0.0005467656113855891
0.0
0.0
0.0
0.0
0.0
0.0
0.0
0.0
0.0
0.0
0.0
0.0
0.0
0.0
0.0
0.0
0.0026204434831383072
0.0026204434831383072
0.0
0.0
0.0
0.0
0.0
0.0
0.0
0.0
0.006114368127322717
0.006114368127322717
0.0
0.0
0.0
0.0
0.0
0.0
0.004212120265488983
0.004212120265488983
0.0
0.0
0.0
0.0
0.0
0.0005658071998418036
0.0
0.00011436770632361476
0.0
0.0
0.0
0.0
0.0
0.0
0.0
0.0022475740547075597
0.00023181257066490527
0.0005814276440092155
0.0
0.0
0.0007037577176250157
0.0008020257205091857
0.0005904841493676144
0.0
0.0
0.0
0.00029386885573178944
0.0007810937305508416
0.0
0.0
0.0
0.0
0.0006834570142319864
0.0005354390167994469
0.0006650716208666815
0.0
0.0
0.0005499383325348285
0.0
0.0
