0.0004384242373485063
0.0004384242373485063
0.00044424705925079117
0.0004384242373485063
0.0004953277315688263
0.0004384242373485063
0.0
0.0004502266317030979
0.0004141560348441462
0.0
0.0
0.0
0.0
0.0
0.0
0.0
0.0
0.0
0.0
0.0
0.0
0.0
0.0
0.0
0.0
0.0
0.000626251361058384
0.0
0.0
0.0
0.0005141376454258703
0.0013702077972072594
0.0
0.0
0.0
0.0
0.0
0.0
0.0
0.0
0.0
0.0
0.0
0.0
0.0
0.0
0.0
0.0
0.0
0.0
0.0
0.0
0.0
0.0
0.006318180398233474
0.006318180398233474
0.0
0.0
0.0
0.0
0.0
0.0
0.0
0.0
0.0005856191924212283
0.0005658071998418036
0.0
0.00011436770632361476
0.0
0.0
0.0
0.0030737093829243927
0.0
0.00022827628897672126
0.0
0.0
0.0
0.0005814276440092155
0.0
0.00043242299303499057
0.0007037577176250157
0.0008020257205091857
0.0
0.0
0.0
0.0003973698363668851
0.0
0.0
0.0003378706095312018
0.0
0.0
0.0
0.0
0.0
0.0006650716208666815
0.00047111535695195744
0.0
0.0
0.0
0.0009637902302390045
