0.0003420952191462704
0.0003420952191462704
0.0
0.0003420952191462704
0.0003864960794710041
0.0003420952191462704
0.00036608704557154515
0.0003513044332800576
0.0003231591400092591
0.0
0.0
0.0
0.0
0.0
0.0
0.0
0.0
0.0
0.0
0.0
0.0
0.0
0.0003990085424754611
0.0
0.0005365145093503177
0.0001735905709048172
0.0004886536335162035
0.0
0.0031692678516622337
0.0
0.0004011731457800296
0.0
0.0
0.0
0.0
0.0
0.0
0.0
0.0
0.0
0.0
0.0
0.0
0.0
0.0
0.0
0.0
0.0
0.0
0.0
0.0
0.0
0.0
0.0
0.0
0.0
0.0
0.0
0.003286648142464539
0.003286648142464539
0.0
0.0
0.003336071422802351
0.003336071422802351
0.0
0.0
0.00016915649989809864
8.923923958823666e-05
0.0
0.0
0.0
0.0023983648607173664
0.0009110831606421206
0.00017812023253019379
0.0
0.0
0.00018087953495014787
0.0
0.0005581100619279405
0.0003374125469450287
0.0
0.0006258074742351378
0.00046074506670063626
0.0
0.0
0.0
0.00022930103319520036
0.0006094745868581219
0.00026363487773779727
0.0
0.0
0.0038582391237627195
0.0005332902635008567
0.0
0.0
0.0003676035619160834
0.0010199942511096845
0.00042910783291364867
0.0
0.0
