0.0
0.0
0.0
0.0
0.0
0.0
0.0
0.0
0.0
0.0
0.0
0.0
0.0
0.0
0.0
0.0
0.0
0.0
0.0
0.0
0.0
0.0
0.0
0.0
0.0012645193356235489
0.0
0.0
0.0
0.0
0.0
0.0
0.0
0.0
0.0
0.0
0.0
0.0
0.0
0.0
0.0
0.0
0.0
0.0
0.0
0.0
0.0
0.0
0.0
0.0
0.0
0.0
0.0
0.0
0.0
0.0
0.0
0.0
0.0
0.0
0.0
0.0
0.0
0.0
0.0
0.0
0.0
0.0
0.00021032934242974156
0.0
0.0
0.0
0.0
0.0
0.0
0.0
0.0
0.00042631777030602324
0.0
0.0013154182271203458
0.0007952528445328326
0.0
0.0
0.0
0.0
0.0
0.0007307879039557477
0.0
0.0
0.0006213651161976679
0.0
0.0
0.0
0.0
0.0
0.0
0.0008664105141347763
0.0
0.0
0.0
0.001772470322984195
