0.0
0.0
0.0
0.0
0.0
0.0
0.0
0.0
0.0
0.0
0.0
0.0
0.0
0.0
0.0
0.0
0.0
0.0
0.0
0.0
0.0
0.0
0.0
0.0008519775458588109
0.0010714106985407052
0.00034665753039638626
0.0
0.0
0.0
0.0
0.0
0.0
0.00047005657702555077
0.0
0.0
0.0
0.0
0.0
0.0
0.0
0.0
0.0
0.0
0.0
0.0
0.0
0.0
0.0
0.0
0.0
0.0
0.0
0.0
0.0
0.0
0.0
0.0
0.0
0.0
0.0
0.0
0.0
0.0
0.0
0.0
0.0
0.0
0.00017820930162774803
0.0
0.0
0.0
0.0
0.0
0.0
0.0
0.0
0.000361213472357588
0.0
0.0
0.0006738073366487934
0.0
0.0
0.0
0.0
0.0
0.0006191870354249918
0.0004579104122445288
0.0012171107797983012
0.0005264745381421054
0.0
0.0
0.0
0.0
0.0
0.0
0.0
0.0020369118337773867
0.0008569213227206608
0.0
0.0
