0.0
0.0
0.0
0.0
0.0
0.0
0.0
0.0007290726476265836
0.0
0.0
0.0
0.0
0.008371079581385228
0.0
0.0
0.0
0.0
0.0
0.0
0.0
0.0
0.0
0.0
0.0
0.0
0.0003602577284633706
0.0
0.0
0.0
0.0
0.0
0.0
0.0
0.0
0.0
0.0
0.0
0.0
0.0
0.0
0.0
0.0
0.0
0.0
0.0
0.0
0.0
0.0
0.0
0.0
0.0
0.0
0.0
0.0
0.0
0.0
0.0
0.0
0.0
0.0
0.0
0.0
0.0
0.0
0.0
0.0
0.0
0.00018520087569436346
0.0018162105600638566
0.0
0.0
0.0
0.0
0.0
0.0
0.0
0.0003753847345912659
0.0009415324682539625
0.0
0.0007002423984428708
0.0
0.0
0.0
0.0
0.0
0.0
0.0
0.0
0.0005471293844042633
0.0012359983274528527
0.0
0.0
0.0011067533100389125
0.0
0.0010769809987747079
0.0
0.0
0.0
0.0
0.0
