0.0
0.0
0.00039737367669197445
0.0
0.0
0.0
0.0
0.0004027223326727848
0.0003704576155613454
0.0
0.0
0.0
0.0
0.0
0.0
0.0
0.0
0.0
0.0
0.0
0.0
0.0
0.0
0.0
0.0006150402734773001
0.00019899777236530801
0.0
0.0
0.0
0.0005571065784947724
0.0004598899694084333
0.0
0.0002698346451807571
0.0
0.0
0.0
0.0
0.0
0.0
0.0
0.0023439553279526603
0.0023439553279526603
0.004005026032801002
0.004005026032801002
0.0
0.0
0.0
0.0
0.005589431935887113
0.005589431935887113
0.0
0.0
0.0
0.0
0.0
0.0
0.0
0.0
0.0
0.0
0.0
0.0
0.0
0.0
0.0
0.0005061077673290818
0.00019391471832471492
0.00010230054428111972
0.0
0.000418632350753685
0.0
0.0
0.0
0.0
0.0007339658097629542
0.0
0.0002073535695742875
0.0005200800676541179
0.0006397966115292167
0.000386797191000553
0.0
0.0007174024064396718
0.0005281810032873595
0.0
0.0
0.0
0.000262862173729058
0.0
0.00030222121578474584
0.0
0.0
0.0
0.000611344117987653
0.0
0.0
0.0004214070473618287
0.0011692834624499476
0.0
0.0007123785800640437
0.0
