0.0006352418974127361
0.0006352418974127361
0.0
0.0006352418974127361
0.0007176905408922637
0.0006352418974127361
0.0
0.0
0.0
0.0
0.0
0.0
0.0
0.0
0.0
0.0
0.0
0.0
0.0
0.0
0.0
0.0
0.0
0.0
0.0
0.0
0.0009073884812162102
0.0
0.0
0.0009024192124253217
0.0
0.0
0.0004370868652224502
0.0
0.0
0.0
0.0
0.0
0.0
0.0
0.0
0.0
0.0
0.0
0.0
0.0
0.0
0.0
0.0
0.0
0.0
0.0
0.0
0.0
0.0
0.0
0.0
0.0
0.0
0.0
0.0
0.0
0.0
0.0
0.0
0.0
0.0
0.00016570972263562324
0.0
0.0
0.0
0.0
0.0016918043961895663
0.0
0.0
0.0
0.0
0.0
0.0010363631961563756
0.0
0.0010196890358221767
0.0011620715669172338
0.0
0.0
0.0
0.0005757573311979866
0.0
0.001131742776022416
0.0
0.0
0.0
0.0
0.0
0.0
0.0
0.0
0.0
0.0
0.0
0.0
