0.0003815343266615991
0.0003815343266615991
0.0
0.0003815343266615991
0.0
0.0003815343266615991
0.0
0.00039180524281876006
0.0
0.0
0.0
0.0
0.0
0.0
0.0
0.0
0.0
0.0
0.0
0.0
0.0
0.0
0.00044500901230224284
0.00047581732853855196
0.0
0.00019360329486701645
0.0005449890106608965
0.0
0.0
0.0
0.0
0.0
0.00026251990540058037
0.0
0.0
0.0
0.0
0.0
0.0
0.0
0.0
0.0
0.0
0.0
0.0
0.0
0.0
0.0
0.0
0.0
0.005320967975054775
0.005320967975054775
0.0
0.0
0.005498333574223267
0.005498333574223267
0.0048043691425251845
0.0048043691425251845
0.0
0.0
0.004056147718689295
0.004056147718689295
0.0
0.0
0.0005096292705253285
0.0004923880812737253
0.00018865803342740908
9.95273575382329e-05
0.0
0.0
0.0
0.0
0.0010161191410268872
0.00019865516727422483
0.0
0.0
0.00020173258119857073
0.0
0.0
0.0003763118035590068
0.0
0.0
0.0005138629508619876
0.000651976313149004
0.0014302023747979596
0.00034580714303290985
0.00025573644531271005
0.0
0.0
0.0
0.0
0.0
0.0
0.0
0.0
0.00040998344795368185
0.0
0.0
0.0
0.0
