0.0004144965320748218
0.0004144965320748218
0.00042000156414144057
0.0004144965320748218
0.00046829442691728566
0.0004144965320748218
0.00044356600833419466
0.0
0.0
0.0
0.0065561219768419995
0.0
0.0
0.0
0.0
0.0
0.0
0.004800017875902177
0.0
0.0
0.0
0.0
0.0
0.0
0.0
0.00021032942179227072
0.0
0.0
0.0
0.0005888302323122059
0.0
0.0
0.00028520000111461214
0.0
0.0
0.0
0.0
0.0
0.0
0.0
0.0
0.0
0.0
0.0
0.0
0.0
0.0
0.0
0.0
0.0
0.0
0.0
0.0
0.0
0.0
0.0
0.0
0.0
0.0
0.0
0.0
0.0
0.0
0.0
0.0005536580866128155
0.0005349273652746706
0.00020495692035876626
0.00010812590549095815
0.0
0.0
0.0
0.0
0.0011039055484621026
0.00021581774472141467
0.0007757604647922712
0.0
0.00021916102817001382
0.0
0.0
0.0004088228152859649
0.0
0.0
0.0005582575307383634
0.0007083030330712042
0.0
0.0003756827408113514
0.00027783049204188316
0.0
0.00031943077962034695
0.0007216134256389851
0.0
0.0
0.0006461562525252932
0.0005062165744830922
0.0
0.0
0.0
0.0
0.0
0.0
