0.0
0.0
0.0
0.0
0.0
0.0
0.0007045148220476585
0.0
0.0
0.0
0.0
0.0
0.0
0.0
0.0
0.0
0.0
0.0
0.0
0.0
0.0
0.0
0.0
0.0
0.0010324933063141017
0.0
0.0
0.0
0.0
0.0
0.0007720361341064756
0.0
0.0
0.0
0.0
0.0
0.0
0.0
0.0
0.0
0.0
0.0
0.0
0.0
0.0
0.0
0.0
0.0
0.0
0.0
0.0
0.0
0.0
0.0
0.0
0.0
0.0
0.0
0.0
0.0
0.0
0.0
0.0
0.0
0.0
0.0
0.0003255325826617469
0.0
0.0
0.0
0.0
0.0
0.0
0.0003427828038224657
0.0
0.0
0.00034809293286659684
0.0008730797181204111
0.0
0.0
0.0010567722330714878
0.0
0.0
0.0
0.0
0.0005966959918391069
0.00044127750094147906
0.0
0.0
0.0
0.0
0.0
0.001026288418655964
0.0
0.0
0.0007074332761572179
0.0019629240559120966
0.0
0.0
0.001447240617494512
