0.0
0.0
0.0006217812635500588
0.0
0.0
0.0
0.0006566666809769598
0.0
0.0005796649798573017
0.0
0.0
0.0
0.0
0.0
0.0
0.0
0.0
0.0
0.0
0.0
0.0
0.0
0.0
0.0007652692474462262
0.0
0.0003113771585853189
0.0008765198428899507
0.0
0.0
0.0
0.0
0.0
0.0004222175158324006
0.0
0.0
0.0
0.0
0.0
0.0
0.0
0.0
0.0
0.0
0.0
0.0
0.0
0.0
0.0
0.0
0.0
0.0
0.0
0.0
0.0
0.0
0.0
0.0
0.0
0.0
0.0
0.0
0.0
0.0
0.0
0.0
0.0
0.0003034235674205395
0.00016007240895898534
0.0
0.0
0.0
0.0
0.0
0.0003195022149113108
0.001148456013483514
0.0
0.00032445169887650844
0.0
0.0
0.0
0.0
0.0
0.0
0.0
0.0
0.0
0.000411307502503398
0.0
0.00047289365261085875
0.0010682953252940607
0.0
0.0
0.0
0.0
0.0
0.0006593869240630283
0.0
0.0
0.0
0.0
