0.0
0.0
0.0
0.0
0.0
0.0
0.0
0.0
0.0
0.0
0.01122949699941921
0.017052199147266207
0.008371079581385228
0.009795944190982715
0.010231319488359725
0.009591862020337242
0.010833161811204414
0.008221596017431922
0.011094201854847895
0.008148838530551993
0.011805368640415067
0.005202365841538843
0.0
0.0
0.0
0.0
0.0
0.0
0.0
0.0
0.0
0.0
0.0
0.0
0.0
0.0
0.0
0.0
0.0
0.0
0.0
0.0
0.0
0.0
0.0
0.0
0.0
0.0
0.0
0.0
0.0
0.0
0.0
0.0
0.0
0.0
0.0
0.0
0.0
0.0
0.0
0.0
0.0
0.0
0.0
0.0
0.0
0.0
0.0
0.0
0.0
0.0
0.0
0.0
0.0
0.0
0.0
0.0
0.0
0.0
0.0
0.0
0.0
0.0
0.0
0.0
0.0
0.0
0.0
0.0
0.0
0.0
0.0
0.0
0.0
0.0
0.0
0.0
0.0
0.0
