0.0
0.0
0.0
0.0
0.000743790909687946
0.0
0.0
0.0
0.0006219023775103876
0.0
0.0
0.0
0.0
0.0
0.0
0.0
0.0
0.0
0.0
0.0
0.0
0.0
0.0
0.0
0.0
0.0
0.0
0.0
0.0
0.0
0.0007720361341064756
0.0
0.0
0.0
0.0
0.0
0.0
0.0
0.00588877216773629
0.00588877216773629
0.0
0.0
0.0
0.0
0.0
0.0
0.0
0.0
0.0
0.0
0.0
0.0
0.0
0.0
0.0
0.0
0.0
0.0
0.0
0.0
0.0
0.0
0.0
0.0
0.0
0.0
0.0003255325826617469
0.0
0.0016841656101020948
0.0
0.0
0.0
0.0
0.0003427828038224657
0.0
0.0
0.00034809293286659684
0.0
0.0
0.0
0.0
0.0012043328128656728
0.0008866790906768038
0.0
0.0
0.0
0.00044127750094147906
0.0
0.0
0.0
0.0
0.0
0.0
0.0008040225652747289
0.0
0.0007074332761572179
0.0
0.0
0.0
0.0
