0.0
0.0
0.0
0.0
0.0
0.0
0.0
0.0
0.0
0.0
0.0
0.0
0.0
0.0
0.0
0.0
0.0
0.0
0.0
0.0
0.0
0.0
0.0
0.0
0.0010714106985407052
0.0
0.0
0.0
0.0
0.0
0.0
0.0021350762595015982
0.0
0.0
0.0
0.0
0.0
0.0
0.0
0.0
0.0
0.0
0.0
0.0
0.0
0.0
0.0
0.0
0.0
0.0
0.0
0.0
0.0
0.0
0.0
0.0
0.0
0.0
0.0
0.0
0.0
0.0
0.0
0.0
0.0
0.0
0.0
0.00017820930162774803
0.0
0.000729264730611657
0.0
0.0
0.0
0.0
0.0
0.0
0.000361213472357588
0.0
0.0
0.0006738073366487934
0.0010966047619964893
0.0
0.0
0.0
0.0
0.0006191870354249918
0.0004579104122445288
0.0
0.0005264745381421054
0.0
0.0
0.0
0.0
0.0008343282934963872
0.0010363235645534073
0.0007340982996629356
0.0
0.0
0.0
0.0
