0.0
0.0
0.0
0.0
0.0
0.0
0.0007045148220476585
0.0
0.0
0.0
0.0
0.0
0.0
0.0
0.0
0.0
0.0
0.0
0.0
0.0
0.0
0.0
0.0
0.0008210307349247713
0.0
0.0003340657137409085
0.0
0.0
0.0
0.0009352376389066397
0.0
0.0
0.0
0.0
0.0
0.0
0.0
0.0
0.0
0.0
0.003934893844800747
0.003934893844800747
0.0
0.0
0.0
0.0
0.0
0.0
0.0
0.0
0.0
0.0
0.0
0.0
0.0
0.0
0.0
0.0
0.0
0.0
0.0
0.0
0.0
0.0
0.0008793738046568095
0.0
0.0003255325826617469
0.0001717361151089626
0.0
0.0
0.0
0.0
0.0017533305222212773
0.0003427828038224657
0.0
0.0
0.00034809293286659684
0.0
0.0
0.0
0.0010567722330714878
0.0
0.0
0.0
0.0
0.0005966959918391069
0.0
0.0
0.0
0.0
0.0
0.0
0.0
0.0
0.0
0.0
0.0
0.0
0.0
0.0
