0.0006831585564326624
0.0006831585564326624
0.0
0.0006831585564326624
0.0007718263481647764
0.0006831585564326624
0.0007310698413309928
0.0007015492064078886
0.0
0.0
0.0
0.0
0.0
0.0
0.0
0.0
0.0
0.0
0.0
0.0
0.0
0.0
0.0
0.0
0.0
0.0
0.0
0.0
0.0
0.0
0.0
0.0
0.0
0.0
0.0
0.0
0.0
0.0
0.0
0.0
0.0
0.0
0.0
0.0
0.0
0.0
0.0
0.0
0.0
0.0
0.0
0.0
0.0
0.0
0.0
0.0
0.0
0.0
0.0
0.0
0.0
0.0
0.0
0.0
0.0
0.0
0.0003378027631312098
0.0
0.0
0.000729264730611657
0.0
0.004789495392936018
0.0
0.0
0.0
0.0
0.0
0.0
0.0
0.0
0.0
0.0012497272887068594
0.0
0.0
0.0
0.0
0.0
0.0
0.0
0.0
0.0
0.007704840414723159
0.0
0.0
0.0
0.0
0.0
0.0008569213227206608
0.0
0.0
