0.0
0.0
0.0005818183553880421
0.0
0.0006487173300493849
0.0
0.0
0.0
0.0005424089547681675
0.0
0.0
0.0
0.0
0.0
0.0
0.0
0.0
0.0
0.0
0.0
0.0
0.0
0.0006697189702308398
0.0007160841297083596
0.0
0.0002913644346231197
0.0008201844657452576
0.0
0.0
0.0
0.0
0.0
0.0003950808991494397
0.0
0.0
0.0
0.0
0.0
0.0
0.0
0.0
0.0
0.0
0.0
0.0
0.0
0.0
0.0
0.0
0.0
0.0
0.0
0.0
0.0
0.0
0.0
0.0
0.0
0.0
0.0
0.0
0.0
0.0
0.0
0.0
0.0007410223829817849
0.0002839220338912291
0.0001497842910089891
0.0
0.0006129444402441925
0.0
0.0
0.0
0.00029896728016727976
0.0
0.0
0.00030359865262808556
0.0
0.0009367641445241432
0.0005663326957389307
0.0
0.0
0.0
0.0
0.0
0.0005204245247356351
0.0
0.0
0.0
0.0
0.0
0.0
0.0
0.0
0.0
0.0006170070380254298
0.0
0.0
0.0
0.0
