0.0
0.0
0.0
0.0
0.0
0.0
0.0
0.0
0.0
0.0
0.0
0.0
0.0
0.0
0.0
0.0
0.0
0.0
0.0
0.0
0.0
0.0
0.00013376047777061573
0.00014302081853935066
0.00017985689393098508
5.8193134303961144e-05
0.0001638123912785514
0.001690246037283235
0.0010624403662923192
0.00016291528070199853
0.00013448612231548344
0.00035841361754439683
7.890803781481414e-05
0.00031714637799770717
0.0013772375118604136
0.0013772375118604136
0.000704936735928553
0.000704936735928553
0.0010258044915925839
0.0010258044915925839
0.0006854453976079478
0.0006854453976079478
0.00117119410457421
0.00117119410457421
0.0016345236404497218
0.0016345236404497218
0.00144409370175655
0.00144409370175655
0.0016345236404497218
0.0016345236404497218
0.001599372594418545
0.001599372594418545
0.0014726896166428185
0.0014726896166428185
0.0016526850142324963
0.0016526850142324963
0.00144409370175655
0.00144409370175655
0.001101790009488331
0.001101790009488331
0.0012191938629583991
0.0012191938629583991
0.0011183582803077042
0.0011183582803077042
0.0
0.00014800164306559668
5.670669130039065e-05
2.991585906695991e-05
0.00029337603802943727
0.0001224211121653701
0.0
0.0008040089258428361
0.0003054243352791061
5.97116223528401e-05
0.00021463441743279173
0.0005879116651419947
6.063662914020574e-05
0.0001520875779968555
0.00018709641670556563
0.00011311152188663473
0.00018408620208035232
0.00020979076344277106
0.0001544565433862146
0.0001959705550473316
0.0004298891655518054
0.00010394245372531424
7.686907042941843e-05
0.00020431545505621523
8.837887776644366e-05
0.00019965322319587204
0.0017499017797755845
0.0012934056633123886
0.00017877602317418833
0.00014005805205360137
0.0001739668436034207
0.0
0.0
0.0
0.0
0.0
