0.0005560882028120054
0.0005560882028120054
0.0
0.0005560882028120054
0.000628263413804156
0.0005560882028120054
0.0
0.0
0.0005253069184611588
0.0
0.0
0.0
0.0
0.0
0.0
0.0
0.0
0.0
0.0
0.0
0.0
0.0
0.0
0.0
0.0
0.0002821777774049965
0.0
0.0
0.0
0.0
0.0
0.0
0.0
0.0
0.0
0.0
0.0
0.0
0.0
0.0
0.0
0.0
0.0
0.0
0.0
0.0
0.007002392223758942
0.007002392223758942
0.0
0.0
0.0
0.0
0.007141053455912584
0.007141053455912584
0.0
0.0
0.0
0.0
0.0
0.0
0.0
0.0
0.0
0.0
0.0007427872286788579
0.0
0.00027497003394859744
0.0
0.0
0.0005936184354297703
0.0
0.0
0.0
0.0
0.0
0.0
0.0
0.0007374707556719541
0.0
0.0
0.0
0.0
0.0
0.0
0.0
0.0
0.0
0.000990723075614246
0.0
0.0
0.0
0.0
0.0008668826911624652
0.0
0.0
0.0005975529403870513
0.0
0.0006975303665833376
0.0
0.0
