0.0004031447534929357
0.0004031447534929357
0.0
0.0004031447534929357
0.0004554692903138829
0.0004031447534929357
0.0
0.0
0.000380829384763538
0.0
0.0
0.0
0.0
0.0
0.0
0.0
0.006151514650356913
0.0
0.0
0.0
0.0
0.0
0.0
0.000502768024308017
0.0
0.00020456914917071112
0.000575857648987156
0.0
0.0
0.0005727039926400193
0.0
0.0012599487838080427
0.0
0.0
0.0
0.0
0.0
0.0
0.0
0.0
0.0
0.0
0.0
0.0
0.0
0.0
0.005076492672624637
0.005076492672624637
0.0
0.0
0.0
0.0
0.0
0.0
0.0
0.0
0.0
0.0
0.0
0.0
0.0
0.0
0.0
0.0
0.0005384951032753219
0.0005202773584878981
0.0001993437839421798
0.00010516467121487079
0.0010313190242215733
0.0004303528767739404
0.0
0.0
0.0
0.0
0.0
0.0
0.0
0.0
0.0006577091135601731
0.0
0.0
0.0
0.0
0.0006889048027408928
0.0
0.0003653939519778739
0.0
0.0007182400347257385
0.000310682558098834
0.0
0.0
0.0
0.0006284600303850212
0.0
0.0006115540880471785
0.00043320525706738825
0.0
0.0005056854403098043
0.0
0.0008862351614920977
