0.0005933315949280849
0.0005933315949280849
0.0
0.0005933315949280849
0.0006703406608203189
0.0005933315949280849
0.0
0.0
0.0
0.0028292319066975224
0.0
0.0
0.0
0.0
0.0
0.0
0.0
0.0
0.0
0.0
0.0
0.0
0.0
0.0
0.0
0.0
0.0
0.0
0.005496793418726615
0.0
0.00069579663528185
0.0018543399484860872
0.0004082499090831438
0.0
0.0
0.0
0.0
0.0
0.0
0.0
0.0
0.0
0.0
0.0
0.0
0.0
0.0
0.0
0.0
0.0
0.0
0.0
0.0
0.0
0.0
0.0
0.007471369695356563
0.007471369695356563
0.0
0.0
0.0
0.0
0.0
0.0
0.0007925345814847848
0.0
0.0
0.00015477696673807845
0.0
0.0006333753733512149
0.0
0.0
0.0
0.0
0.0
0.0
0.0
0.0
0.0
0.0
0.0
0.0
0.0
0.0
0.0
0.0
0.0
0.0010570756574474261
0.00045724960108242793
0.0
0.0
0.0
0.0
0.0
0.0
0.0
0.0
0.0
0.0
0.0
