0.00020632709342870584
0.00020632709342870584
0.00020906737513830587
0.00020632709342870584
0.00023310648099044557
0.00020632709342870584
0.00022079722786883787
0.00021188142531831472
0.0001949062200852378
0.0009838464712390864
0.0
0.0
0.0
0.0
0.0
0.0
0.0
0.0
0.0
0.0
0.0
0.001511899662017127
0.00024065309368438085
0.0002573136924779149
0.0003235867474933875
0.00010469727706456632
0.0002947205288293299
0.0
0.0
0.00029310650621799727
0.00024195862583818397
0.0006448343136795941
0.0001419661751602289
0.0005705889982452697
0.0
0.0
0.001268276019796358
0.001268276019796358
0.0
0.0
0.0
0.0
0.0
0.0
0.0
0.0
0.0
0.0
0.0
0.0
0.0028774864535164677
0.0028774864535164677
0.0
0.0
0.0
0.0
0.0025981188366702083
0.0025981188366702083
0.0
0.0
0.0
0.0
0.0
0.0
0.00027559859956439905
0.0
0.00010202296613687819
5.382265490286232e-05
0.0
0.000220252049528421
0.0
0.0
0.0
0.00010742924133963529
0.0003861561907316472
0.0
0.00010909345298696759
0.0002736260124509525
0.00033661162286419057
0.00020350284424108857
0.0003311958418032568
0.0003774418056093533
0.00027788809987230683
0.0003525773915375909
0.0
0.00018700645714677254
0.00013829779854110152
0.00036759098925416415
0.0001590054903012665
0.00035920300694903553
0.0
0.0023270107841481
0.0
0.0002519832770028545
0.0003129897545930193
0.00022171188084261101
0.0006151867590276586
0.00025880680868184863
0.00037479865571012815
0.00045356989860513813
