0.0005741923630660708
0.0005741923630660708
0.0
0.0005741923630660708
0.0
0.0005741923630660708
0.0006144616294527178
0.0
0.0
0.0
0.0
0.0
0.0
0.0
0.0
0.0
0.0
0.0
0.0
0.0
0.0
0.0
0.0
0.0
0.0
0.0
0.0008201844657452576
0.0
0.0
0.0
0.0
0.0
0.0003950808991494397
0.0015879051063895392
0.0
0.0
0.0
0.0
0.0
0.0
0.0
0.0
0.0
0.0
0.0
0.0
0.0
0.0
0.0
0.0
0.0
0.0
0.0
0.0
0.0
0.0
0.0
0.0
0.0
0.0
0.0
0.0
0.0
0.0
0.0
0.0
0.0002839220338912291
0.0001497842910089891
0.0
0.0
0.0
0.0
0.0
0.00029896728016727976
0.0
0.0
0.00030359865262808556
0.0
0.0
0.0
0.0
0.0010503913891349703
0.0007733411161959438
0.0
0.0
0.0005204245247356351
0.00038487209038588825
0.0
0.0
0.0
0.0
0.0
0.0
0.0007012499951946269
0.0
0.0
0.0017120172296475721
0.0
0.0
0.0
