0.0005560882028120054
0.0005560882028120054
0.0005634737492556024
0.0005560882028120054
0.000628263413804156
0.0005560882028120054
0.0005950877879927154
0.0
0.0
0.0
0.0
0.0
0.0
0.0
0.0
0.0
0.0
0.0
0.0
0.0
0.0
0.0
0.0
0.0006935061529299722
0.0
0.0
0.0
0.0
0.0
0.0
0.0
0.0
0.000382624084375157
0.0
0.0
0.0
0.0
0.0
0.0
0.0
0.0
0.0
0.0
0.0
0.0
0.0
0.0
0.0
0.0
0.0
0.0
0.0
0.0
0.0
0.0
0.0
0.0
0.0
0.005342565918867934
0.005342565918867934
0.0
0.0
0.0
0.0
0.0007427872286788579
0.0
0.0
0.00014506162490892418
0.0
0.0
0.0
0.0
0.0
0.0
0.0
0.0
0.0
0.0
0.0009072281749021019
0.0
0.0
0.0
0.0
0.0
0.002084527164876217
0.0
0.0003727371571303209
0.000990723075614246
0.0
0.0
0.0
0.0
0.0
0.0
0.0
0.0
0.0
0.0
0.0010101490182733489
0.0012224515238087644
