0.0
0.0
0.0
0.0
0.0
0.0
0.0
0.0
0.0
0.0
0.0
0.0
0.0
0.0
0.0
0.0
0.0
0.0
0.0
0.0
0.0
0.0
0.0009864298678130005
0.0
0.0
0.0
0.0
0.0
0.0
0.0
0.0009917812052514072
0.0
0.0
0.0
0.0
0.0
0.0
0.0
0.007564896641434872
0.007564896641434872
0.0
0.0
0.0
0.0
0.0
0.0
0.010649611776777246
0.010649611776777246
0.0
0.0
0.0
0.0
0.0
0.0
0.0
0.0
0.0
0.0
0.0
0.0
0.0
0.0
0.0
0.0
0.0
0.0
0.0
0.0
0.0
0.0
0.0
0.0
0.0
0.00044034926254839685
0.0
0.0
0.0
0.001121584880376336
0.0
0.0
0.0
0.0
0.0
0.0
0.0
0.0
0.0
0.0
0.0
0.0
0.0
0.0
0.0
0.0
0.0
0.0
0.0
0.0
0.0
0.0
