0.0
0.0
0.0
0.0
0.0
0.0
0.0005425555438760676
0.0005206471252397417
0.0
0.0
0.0
0.0
0.0
0.0
0.0
0.0
0.0
0.0
0.0
0.0
0.0
0.0
0.0
0.0006322858838248018
0.0
0.0
0.0
0.0
0.0
0.0
0.0005945545381354374
0.0
0.0
0.0
0.0
0.0
0.0
0.0
0.0
0.0
0.0
0.0
0.0
0.0
0.0
0.0
0.0
0.0
0.0
0.0
0.0
0.0
0.0
0.0
0.0
0.0
0.0
0.0
0.0
0.0
0.0
0.0
0.0
0.0
0.0
0.0
0.0
0.0
0.0012969966847688242
0.000541215900557855
0.0
0.0
0.001350261435683355
0.0
0.000948885020458577
0.0
0.0002680706560039926
0.0
0.0
0.0005000587978538356
0.0008138333158141012
0.0009274715362169165
0.0006828424913580413
0.0008663732795491355
0.0019005124831728145
0.00045952293443591463
0.00033983323988516473
0.0009032655483211454
0.0003907173613652964
0.0008826541197017367
0.0
0.0
0.0
0.0006191876828416138
0.0007690962797401098
0.0
0.0
0.0
0.0
0.0
