0.0005225757172444724
0.0005225757172444724
0.0
0.0005225757172444724
0.0005904013112073874
0.0005225757172444724
0.0
0.0
0.0
0.0
0.0
0.0
0.0
0.0
0.0
0.0
0.0
0.0
0.0
0.0
0.0
0.003829269521277292
0.0006095150227212956
0.0006517122166020007
0.0008195655444571713
0.0
0.0
0.0
0.0
0.0
0.0006128216141646299
0.0
0.0
0.0
0.0
0.0
0.0
0.0
0.0
0.0
0.0
0.0
0.0
0.0
0.0
0.0
0.0
0.0
0.0
0.0
0.0
0.0
0.0
0.0
0.0
0.0
0.0
0.0
0.0
0.0
0.0
0.0
0.0
0.0
0.0
0.0
0.0002583990489005264
0.00013631953042358822
0.0
0.000557844201865087
0.0
0.0
0.0
0.00027209181263190715
0.0009780385357374903
0.0
0.0002763068509034165
0.0006930273059980376
0.0
0.0
0.0008388375065174266
0.0
0.0
0.0008929917065429258
0.0
0.0
0.0
0.0
0.0004027217500095548
0.000909772758746417
0.0
0.0
0.0
0.0
0.0
0.0
0.0
0.0
0.0
0.0
