0.0007099604887836355
0.0007099604887836355
0.0
0.0007099604887836355
0.0008021069285299436
0.0007099604887836355
0.0
0.0
0.0006706618746921888
0.0
0.0
0.0
0.0
0.0
0.0
0.0
0.0
0.0
0.0
0.0
0.0
0.0
0.0
0.0
0.0
0.0
0.0
0.0
0.0
0.0
0.0
0.0
0.0
0.0
0.0
0.0
0.0
0.0
0.0
0.0
0.0
0.0
0.0
0.0
0.0
0.0
0.0
0.0
0.0
0.0
0.0
0.0
0.0
0.0
0.0
0.0
0.0
0.0
0.0
0.0
0.0
0.0
0.0
0.0
0.0
0.0
0.0003510555676524496
0.0
0.0
0.0
0.0
0.0
0.0
0.0
0.0013287427906960682
0.0
0.0
0.0
0.0
0.0007002423984428708
0.0011396271707331377
0.0
0.0
0.0
0.0
0.0
0.0
0.0
0.0005471293844042633
0.0012359983274528527
0.0
0.0
0.0
0.0
0.0
0.0
0.0
0.0
0.0
0.0
