0.0005741923630660708
0.0005741923630660708
0.0
0.0005741923630660708
0.0
0.0005741923630660708
0.0
0.0
0.0005424089547681675
0.0
0.0
0.0
0.0
0.0
0.0
0.0
0.0
0.0
0.0
0.0
0.0
0.0
0.0
0.0
0.0
0.0002913644346231197
0.0008201844657452576
0.0
0.0
0.0
0.0006733521653677159
0.0
0.0003950808991494397
0.0
0.0
0.0
0.0
0.0
0.0
0.0
0.0
0.0
0.0
0.0
0.0
0.0
0.0
0.0
0.0
0.0
0.0
0.0
0.0
0.0
0.0
0.0
0.0
0.0
0.0
0.0
0.0
0.0
0.0
0.0
0.0
0.0
0.0002839220338912291
0.0001497842910089891
0.0014688905224786862
0.0
0.0
0.004025554026468616
0.0
0.00029896728016727976
0.0
0.0029435869363505685
0.0
0.0
0.0
0.0005663326957389307
0.0
0.0010503913891349703
0.0007733411161959438
0.0
0.0
0.0
0.0
0.0
0.0
0.0
0.0
0.0
0.0
0.0
0.0
0.0
0.0
0.0
0.0
0.0
