0.0
0.0
0.0006012117801732236
0.0
0.0
0.0
0.0
0.0006093041002547317
0.000560488768114877
0.0
0.0
0.0
0.0
0.0
0.0
0.0
0.009053542101432072
0.0
0.0
0.0
0.0
0.0
0.0
0.0
0.0
0.00030107632183948594
0.0008475232143411081
0.0
0.005496793418726615
0.0
0.0
0.0
0.0004082499090831438
0.0
0.0
0.0
0.0
0.0
0.0
0.0
0.0
0.0
0.0
0.0
0.0
0.0
0.0
0.0
0.0
0.0
0.0
0.0
0.0
0.0
0.0
0.0
0.0
0.0
0.0
0.0
0.0
0.0
0.0
0.0
0.0
0.0
0.00029338584773988796
0.0
0.0015178522260783553
0.0
0.0
0.0
0.0015801870197571378
0.0
0.0
0.0
0.00031371833616866126
0.0
0.0
0.0005852099457199438
0.0
0.0
0.0
0.0
0.0
0.0
0.0003977008158251814
0.0
0.0
0.0010329544679486256
0.0
0.0
0.0
0.0
0.0
0.0006375733874247937
0.0
0.0
0.0
0.0013043238620707221
