0.0
0.0
0.0005818183553880421
0.0
0.0
0.0
0.0
0.0
0.0005424089547681675
0.0
0.0
0.0
0.0
0.0
0.0
0.0
0.0
0.0
0.0
0.0
0.0
0.0
0.0
0.0
0.0
0.0002913644346231197
0.0
0.0
0.0
0.0
0.0
0.0
0.0
0.0015879051063895392
0.0
0.0
0.0
0.0
0.0
0.0
0.0
0.0
0.0
0.0
0.0
0.0
0.0
0.0
0.0
0.0
0.0
0.0
0.0
0.0
0.0
0.0
0.0
0.0
0.0
0.0
0.0061043237286614255
0.0061043237286614255
0.0
0.0
0.0007669696136938145
0.0
0.0002839220338912291
0.0001497842910089891
0.0
0.0
0.0
0.0
0.0
0.00029896728016727976
0.0
0.0
0.0
0.0007614800561315889
0.0
0.0
0.0009216924441790765
0.0
0.0007733411161959438
0.0009811956454501896
0.0
0.0
0.0
0.0
0.00044249999696773255
0.0
0.0
0.0
0.0
0.0
0.0
0.0006170070380254298
0.0
0.0007202393567666285
0.0
0.0012622499913503287
