0.0007099604887836355
0.0007099604887836355
0.0
0.0007099604887836355
0.0008021069285299436
0.0007099604887836355
0.0
0.0
0.0
0.0033853630660013794
0.0
0.0
0.0
0.0
0.0
0.0
0.0
0.0
0.0
0.0
0.0
0.0
0.0
0.0
0.0
0.0003602577284633706
0.0
0.0
0.0
0.0
0.0
0.0
0.0
0.0
0.0
0.0
0.0
0.0
0.0
0.0
0.0
0.0
0.0
0.0
0.0
0.0
0.0
0.0
0.0
0.0
0.0
0.0
0.0
0.0
0.0
0.0
0.0
0.0
0.0
0.0
0.0
0.0
0.0
0.0
0.0009483200349664009
0.0
0.0
0.00018520087569436346
0.0
0.0007578755176562759
0.0
0.0
0.0
0.0
0.0013287427906960682
0.0036395998179935777
0.0
0.0
0.0
0.0
0.0
0.0
0.0
0.0
0.0
0.0
0.0
0.0
0.0
0.0
0.0
0.0
0.0
0.0
0.0
0.0
0.0
0.0
0.0
0.0
