0.0004031447534929357
0.0004031447534929357
0.0
0.0004031447534929357
0.0004554692903138829
0.0004031447534929357
0.0
0.0
0.000380829384763538
0.0
0.0
0.0
0.0
0.0
0.0
0.0
0.0
0.0
0.006299743919040213
0.0
0.0
0.0
0.0004702146989931094
0.000502768024308017
0.0
0.0
0.000575857648987156
0.0
0.0
0.0
0.0
0.0012599487838080427
0.00027738925479063
0.0
0.0
0.0
0.0
0.0
0.0
0.0
0.0
0.0
0.0
0.0
0.0
0.0
0.0
0.0
0.0
0.0
0.0
0.0
0.0
0.0
0.0
0.0
0.0
0.0
0.0
0.0
0.0
0.0
0.0
0.0
0.0005384951032753219
0.0005202773584878981
0.0001993437839421798
0.00010516467121487079
0.0
0.0
0.0
0.0
0.0010736729882553134
0.0
0.0007545147839543112
0.002066714408222678
0.00021315888515301167
0.0005346408438449261
0.0
0.0
0.0006471271600004178
0.0
0.0005429685828456257
0.0006889048027408928
0.0
0.0003653939519778739
0.00027022157378828816
0.0
0.000310682558098834
0.0
0.0
0.0
0.0006284600303850212
0.0
0.0006115540880471785
0.00043320525706738825
0.0
0.0
0.0
0.0
