0.0
0.0
0.0007193896515252932
0.0
0.0
0.0
0.0
0.0
0.0
0.0
0.0
0.0
0.0
0.0
0.0
0.0
0.0
0.0
0.0
0.0
0.0
0.0
0.0
0.0
0.0
0.0
0.0
0.0
0.0
0.0010085638049861722
0.0
0.0
0.0
0.0
0.0
0.0
0.0
0.0
0.0
0.0
0.0
0.0
0.0
0.0
0.0
0.0
0.0
0.0
0.0
0.0
0.0
0.0
0.0
0.0
0.0
0.0
0.0
0.0
0.0
0.0
0.0
0.0
0.0
0.0
0.0
0.0009162375661217663
0.0003510555676524496
0.00018520087569436346
0.0
0.0
0.0
0.0
0.0
0.0003696582713578383
0.0013287427906960682
0.0
0.0
0.0
0.0
0.0
0.0
0.001298757057760755
0.0
0.0012131999393311928
0.0
0.0006434792131043851
0.0
0.0
0.0
0.0
0.0
0.0
0.0
0.0008670609735898071
0.0
0.0007628987190989024
0.0
0.0
0.0
0.0
