0.0
0.0
0.0
0.0
0.0
0.0
0.0
0.0007290726476265836
0.0
0.0
0.0
0.0
0.0
0.0
0.0
0.0
0.0
0.0
0.0
0.0
0.0
0.0
0.0
0.0
0.0
0.0003602577284633706
0.0010141175704321314
0.0
0.0
0.0
0.0008325666853095617
0.0
0.0004884980127068304
0.0
0.0
0.0
0.0
0.0
0.0
0.0
0.0
0.0
0.0
0.0
0.0
0.0
0.0
0.0
0.0
0.0
0.0
0.0
0.0
0.0
0.0
0.0
0.0
0.0
0.0
0.0
0.0
0.0
0.0
0.0
0.0
0.0
0.0
0.00018520087569436346
0.0
0.0
0.0
0.0
0.0
0.0
0.0
0.0
0.0003753847345912659
0.0
0.0
0.0
0.0
0.001298757057760755
0.0
0.0012131999393311928
0.0
0.0
0.0004758753250399872
0.0
0.0005471293844042633
0.0
0.0
0.0
0.0
0.0
0.0
0.0
0.0
0.0008905403809984287
0.0
0.0
