0.0
0.0
0.0
0.0
0.0
0.0
0.0
0.0
0.0
0.0
0.0
0.0
0.0
0.0
0.0
0.0
0.0
0.0
0.0
0.0
0.0
0.0
0.0
0.0
0.0
0.0
0.0
0.0
0.0
0.0
0.0008325666853095617
0.0
0.0
0.0
0.0
0.0
0.0
0.0
0.006350474165188795
0.006350474165188795
0.0
0.0
0.0
0.0
0.0
0.0
0.0
0.0
0.010118887406070058
0.010118887406070058
0.0
0.0
0.0
0.0
0.0
0.0
0.0
0.0
0.0
0.0
0.0
0.0
0.0069234492778374075
0.0069234492778374075
0.0
0.0
0.0
0.0
0.0
0.0
0.0
0.0
0.0
0.0
0.0
0.0
0.0
0.0
0.0
0.0
0.0
0.0
0.0
0.0012131999393311928
0.0
0.0006434792131043851
0.0
0.0012648609257587572
0.0
0.0012359983274528527
0.0
0.0
0.0
0.0008670609735898071
0.0
0.0
0.0
0.0
0.0
0.0
