0.0003515281076713372
0.0003515281076713372
0.0
0.0003515281076713372
0.00039715327147188536
0.0003515281076713372
0.0
0.00036099125546296465
0.0003320698875817366
0.0
0.005560145800606395
0.0
0.0
0.0
0.0
0.0
0.0
0.0
0.005493156092165354
0.0
0.0
0.0
0.00041001075148356514
0.0
0.0005513082897820125
0.000178377134448249
0.0005021277044600489
0.0
0.0
0.0
0.0004122350412746152
0.0
0.0
0.0009721363659908835
0.0
0.0
0.0021608149556858977
0.0021608149556858977
0.0
0.0
0.0
0.0
0.0
0.0
0.0
0.0
0.0
0.0
0.0
0.0
0.0
0.0
0.0
0.0
0.0
0.0
0.0
0.0
0.0
0.0
0.0
0.0
0.0
0.0
0.0
0.0
0.0001738207989514771
9.16999106294699e-05
0.0008992740742598114
0.0003752526383948349
0.0
0.0
0.0
0.0
0.0006579104699130222
0.0
0.0001858670834283426
0.0004661880937113747
0.0005734993152826721
0.00034671631608344057
0.0
0.0006430634071223193
0.0
0.000600700863833629
0.0
0.0
0.00023562374968978003
0.0
0.00027090431114065624
0.0
0.0
0.0
0.0
0.0004293144591805314
0.0005332537492979233
0.0003777398141257037
0.0010481194382752285
0.0004409399957927702
0.0
0.0
