0.0
0.0
0.0
0.0
0.0
0.0
0.0
0.0
0.0
0.0
0.0
0.0
0.0
0.0
0.0
0.0
0.0
0.0
0.0
0.0
0.0
0.0
0.0
0.00088540264803113
0.0
0.0
0.0
0.0
0.0
0.0
0.0
0.0
0.0
0.0
0.0
0.0
0.0
0.0
0.006350474165188795
0.006350474165188795
0.0
0.0
0.0
0.0
0.0
0.0
0.0
0.0
0.0
0.0
0.0
0.0
0.009117017365865102
0.009117017365865102
0.0
0.0
0.0
0.0
0.0
0.0
0.0
0.0
0.0069234492778374075
0.0069234492778374075
0.0
0.0
0.0
0.0
0.0
0.0007578755176562759
0.0
0.0
0.0
0.0
0.0013287427906960682
0.0
0.0
0.0
0.0
0.0007002423984428708
0.0
0.0
0.0
0.0
0.0
0.0006434792131043851
0.0
0.0
0.0
0.0
0.0
0.0
0.0
0.0
0.0
0.0007628987190989024
0.0
0.0
0.0
0.0
