0.0
0.0
0.0
0.0
0.0
0.0
0.0
0.0
0.0
0.0
0.0
0.0
0.0
0.0
0.0
0.0
0.0
0.0
0.0
0.0
0.0
0.0
0.0
0.0
0.0
0.0
0.0
0.0
0.0
0.0
0.001104745704897248
0.0
0.0
0.0
0.0
0.0
0.0
0.0
0.0
0.0
0.0
0.0
0.0
0.0
0.0
0.0
0.0
0.0
0.0
0.0
0.0
0.0
0.0
0.0
0.0
0.0
0.0
0.0
0.0
0.0
0.0
0.0
0.0
0.0
0.00125834062782323
0.0
0.0
0.0
0.0024099580860283162
0.0
0.0
0.0
0.0
0.0
0.0
0.0
0.0
0.0
0.0015369166661840959
0.0
0.0
0.0
0.0
0.0
0.0
0.0
0.0006314463822306751
0.0
0.0
0.0
0.0
0.0
0.0
0.0
0.0
0.0
0.0028088477002674857
0.0
0.0
0.0
