0.0
0.0
0.0006436787038627491
0.0
0.0
0.0
0.0
0.0
0.0
0.0
0.0
0.0
0.0
0.0
0.0
0.0
0.0
0.0
0.0
0.0
0.0
0.0
0.0
0.0
0.0
0.0
0.0009073884812162102
0.0
0.0
0.0009024192124253217
0.0
0.0
0.0004370868652224502
0.0017567350553183768
0.0
0.0
0.0
0.0
0.0
0.0
0.0
0.0
0.0
0.0
0.0
0.0
0.0
0.0
0.009053942208179329
0.009053942208179329
0.0
0.0
0.0
0.0
0.0
0.0
0.0
0.0
0.0061030277106986575
0.0061030277106986575
0.0
0.0
0.0
0.0
0.0
0.0
0.00031410931793531026
0.0
0.0
0.0
0.0
0.0
0.0
0.0003307542115392689
0.0
0.0
0.0
0.0
0.0
0.0006265465710603185
0.0
0.0
0.0
0.0
0.002381239135677222
0.0
0.0004257926309789761
0.0
0.0
0.0011059177730796223
0.0
0.0
0.0
0.0
0.0
0.0
0.0
0.0
0.0
0.0
