0.0
0.0
0.0
0.0
0.0
0.0
0.0
0.0
0.0
0.0
0.0
0.0
0.0
0.0
0.0
0.0
0.0
0.0
0.0
0.0
0.0
0.0
0.0
0.00088540264803113
0.0
0.0003602577284633706
0.0
0.0
0.0
0.0
0.0
0.0
0.0004884980127068304
0.0
0.0
0.0
0.0
0.0
0.0
0.0
0.0
0.0
0.0
0.0
0.0
0.0
0.0
0.0
0.0
0.0
0.0
0.0
0.0
0.0
0.0
0.0
0.0
0.0
0.0
0.0
0.0
0.0
0.0
0.0
0.0
0.0
0.0003510555676524496
0.00018520087569436346
0.0
0.0
0.0
0.0
0.0
0.0003696582713578383
0.0
0.0
0.0
0.0
0.0
0.0007002423984428708
0.0011396271707331377
0.0
0.0
0.0
0.0
0.0006434792131043851
0.0
0.0
0.0005471293844042633
0.0012359983274528527
0.0
0.0
0.0
0.0
0.0
0.0
0.0
0.0
0.001289662120381478
0.0
