0.0
0.0
0.0006436787038627491
0.0
0.0
0.0
0.0
0.0006523426294095952
0.0
0.0
0.0
0.0
0.0
0.0
0.0
0.0
0.0
0.0
0.0
0.0
0.0
0.0
0.0
0.0
0.0009962620809483903
0.0
0.0009073884812162102
0.0
0.0
0.0
0.0
0.0
0.0
0.0
0.0
0.0
0.0
0.0
0.005682129247891853
0.005682129247891853
0.0
0.0
0.0
0.0
0.0
0.0
0.0
0.0
0.0
0.0
0.0
0.0
0.0
0.0
0.0
0.0
0.0
0.0
0.0
0.0
0.0
0.0
0.0
0.0
0.0
0.0008198096924819092
0.0
0.0
0.0
0.0006781141900776286
0.0
0.004453560761861183
0.0
0.0
0.0
0.0
0.00033587800283094935
0.0
0.0
0.0006265465710603185
0.0010196890358221767
0.0
0.0
0.0010855187627724886
0.0
0.0005757573311979866
0.0004257926309789761
0.0
0.0
0.0
0.0
0.0
0.0
0.0
0.0
0.0
0.0
0.0
0.0
0.0
