0.000658343842962037
0.000658343842962037
0.0
0.000658343842962037
0.000743790909687946
0.000658343842962037
0.0
0.0
0.0006219023775103876
0.0
0.0
0.0
0.0
0.0
0.0
0.0
0.0
0.0
0.0
0.0
0.0
0.0
0.0007678704715123759
0.0
0.0
0.0003340657137409085
0.0
0.0
0.0
0.0
0.0
0.0
0.0
0.0
0.0
0.0
0.0
0.0
0.0
0.0
0.0
0.0
0.0
0.0
0.0
0.0
0.0
0.0
0.0
0.0
0.0
0.0
0.0
0.0
0.0
0.0
0.0
0.0
0.0
0.0
0.0
0.0
0.0
0.0
0.0008793738046568095
0.0
0.0003255325826617469
0.0
0.0
0.0
0.0
0.0
0.0
0.0003427828038224657
0.0
0.0
0.0
0.0
0.0010740527853103925
0.0
0.0010567722330714878
0.0
0.0
0.0
0.0
0.0
0.0
0.0
0.0
0.0
0.0
0.0
0.0
0.0008040225652747289
0.0
0.0
0.0
0.0
0.0
0.0
