0.0
0.0
0.0
0.0
0.0
0.0
0.0008250825082508251
0.0
0.0
0.0
0.0
0.0
0.0
0.0
0.0
0.0
0.0
0.0
0.0
0.0
0.0
0.0
0.0
0.0
0.0
0.0
0.0011013215859030838
0.0
0.0
0.0
0.0
0.0
0.0
0.0021321961620469083
0.0
0.0
0.0
0.0
0.0
0.0
0.0
0.0
0.0
0.0
0.0
0.0
0.0
0.0
0.0
0.0
0.0
0.0
0.0
0.0
0.0
0.0
0.0
0.0
0.0
0.0
0.0
0.0
0.0
0.0
0.0
0.0
0.0003812428516965307
0.00020112630732099757
0.0
0.0
0.0
0.0
0.002053388090349076
0.0004014452027298274
0.0
0.0
0.0
0.0
0.0
0.0007604562737642585
0.0
0.0
0.0
0.0
0.0
0.0
0.0005167958656330749
0.0
0.0
0.0013422818791946308
0.0
0.0
0.0
0.0
0.0
0.0
0.0
0.0
0.0
0.0
