0.0
0.0
0.0
0.0
0.0
0.0
0.0
0.0
0.0
0.0
0.0
0.0
0.0
0.0
0.0
0.0
0.0
0.0
0.0
0.0
0.0
0.0
0.0008992805755395684
0.0
0.0
0.0
0.0
0.0
0.0
0.0
0.0009041591320072332
0.0
0.0
0.0
0.0
0.0
0.0
0.0
0.0
0.0
0.0
0.0
0.0
0.0
0.0
0.0
0.0
0.0
0.0
0.0
0.0
0.0
0.0
0.0
0.0
0.0
0.0
0.0
0.0
0.0
0.0
0.0
0.0
0.0
0.0
0.0
0.0003812428516965307
0.00020112630732099757
0.0
0.0
0.0
0.0
0.0
0.0004014452027298274
0.001443001443001443
0.0
0.0
0.0
0.0
0.0
0.0012376237623762376
0.0
0.0
0.0013175230566534915
0.0
0.0006988120195667365
0.0005167958656330749
0.0
0.0
0.0
0.0
0.0
0.0
0.0
0.0
0.0
0.0
0.0
0.0
0.0
