0.0004641942878396009
0.0004641942878396009
0.00047035936822497064
0.0004641942878396009
0.0005244425011567617
0.0004641942878396009
0.0004967491677623452
0.0004766904127695664
0.0004384996295178168
0.00221345585047045
0.0
0.01114925909866597
0.0
0.0064048935247655574
0.0
0.0
0.0
0.0
0.0
0.005327964525026216
0.0
0.0034014688775591095
0.0005414208555107575
0.0
0.0
0.0
0.0
0.0
0.0
0.000659430439570605
0.0
0.0
0.0
0.0
0.0
0.0
0.0
0.0
0.0
0.0
0.0
0.0
0.0
0.0
0.0
0.0
0.0
0.0
0.0
0.0
0.0
0.0
0.0
0.0
0.0
0.0
0.0
0.0
0.0
0.0
0.0
0.0
0.0
0.0
0.0006200411857136584
0.0
0.0
0.0
0.0
0.0
0.0
0.0
0.0
0.0
0.0
0.0
0.0002454382353558754
0.0
0.0
0.0
0.0
0.0
0.0
0.0
0.0
0.0
0.0
0.0
0.0
0.0
0.0
0.0
0.0
0.000566911479593185
0.0007041637325473245
0.000498806952218693
0.0013840459570757756
0.0005822630477059598
0.0008432212763696953
0.001020440663267733
