0.0
0.0
0.0
0.0
0.0
0.0
0.0
0.0
0.0
0.0
0.0
0.0
0.0
0.0
0.0
0.0
0.0
0.0
0.0
0.0
0.0
0.0
0.0
0.0
0.0
0.0
0.0
0.0
0.0
0.0
0.0
0.0
0.0
0.0
0.0
0.0
0.004543162629581873
0.004543162629581873
0.006611084929943276
0.006611084929943276
0.0
0.0
0.0
0.0
0.0
0.0
0.0
0.0
0.0
0.0
0.010307605535933064
0.010307605535933064
0.0
0.0
0.0
0.0
0.0
0.0
0.0
0.0
0.0
0.0
0.0
0.0
0.0009872371934518795
0.0
0.0
0.0
0.0
0.0
0.0
0.0
0.0
0.0
0.0
0.0
0.0
0.000980171078570322
0.0
0.0
0.0
0.0
0.0
0.0
0.0
0.0006698863136560272
0.0
0.0
0.0
0.0
0.0
0.0
0.001152172253415595
0.0
0.0
0.0007942065574496893
0.0
0.0
0.0
0.0
