0.000451061412512862
0.000451061412512862
0.0
0.000451061412512862
0.0005096050975863955
0.000451061412512862
0.00048269525744982014
0.0
0.0
0.0
0.0
0.0
0.0
0.0
0.0
0.0
0.0
0.0
0.0
0.0
0.0
0.0
0.0
0.0
0.0
0.0
0.0
0.0
0.0
0.0
0.0
0.0
0.0003103589665937305
0.0
0.0
0.0
0.0
0.0
0.0040346665657184965
0.0040346665657184965
0.0
0.0
0.0
0.0
0.0
0.0
0.005679870408050311
0.005679870408050311
0.0
0.0
0.0
0.0
0.005792343089397842
0.005792343089397842
0.0
0.0
0.005679870408050311
0.005679870408050311
0.004333530755771719
0.004333530755771719
0.0
0.0
0.0
0.0
0.000602499126703586
0.0
0.00022303722913807932
0.00011766425020699557
0.0011538987219510495
0.0004815034173079687
0.0
0.0
0.0
0.00023485614292620717
0.0
0.0
0.00023849435467965024
0.0
0.0
0.0
0.0
0.0
0.0
0.0
0.0
0.0004088236562048791
0.0003023393550538408
0.0
0.0
0.0
0.0
0.0
0.0
0.0
0.0
0.0
0.0
0.0
0.0
0.0
