0.0
0.0
0.0005634737492556024
0.0
0.000628263413804156
0.0
0.0
0.0
0.0
0.0
0.0
0.0
0.0
0.0
0.0
0.0
0.0
0.0
0.0
0.0
0.0
0.0
0.0
0.0006935061529299722
0.0
0.0002821777774049965
0.0
0.0
0.0
0.0
0.0006521215181258327
0.0
0.000382624084375157
0.0
0.0
0.0
0.003418229379370479
0.003418229379370479
0.0
0.0
0.0
0.0
0.0
0.0
0.0
0.0
0.0
0.0
0.0
0.0
0.0
0.0
0.0
0.0
0.0
0.0
0.0
0.0
0.005342565918867934
0.005342565918867934
0.0
0.0
0.0
0.0
0.0007427872286788579
0.0
0.00027497003394859744
0.00014506162490892418
0.0
0.0005936184354297703
0.0
0.0
0.0
0.0002895409068836496
0.0
0.0
0.0002940262531786266
0.0
0.0009072281749021019
0.0
0.0
0.0
0.0
0.0009502587602729526
0.0
0.0
0.0
0.0
0.0
0.0
0.0
0.0
0.0
0.0
0.0
0.0
0.001658037698959014
0.0
0.0
0.0
