0.00030681573529069974
0.00030681573529069974
0.0
0.00030681573529069974
0.0
0.00030681573529069974
0.0
0.0
0.0
0.0
0.0
0.0
0.0
0.0
0.0
0.0
0.0
0.0
0.0
0.0
0.0
0.0
0.0
0.0003826346237231131
0.0
0.0
0.00043825992144497537
0.0
0.0
0.0004358598123461529
0.0003598010928318604
0.0009588915871615365
0.0002111087579162003
0.0
0.003684629709926274
0.003684629709926274
0.0018859716050807472
0.0018859716050807472
0.002744413852910604
0.002744413852910604
0.0
0.0
0.0
0.0
0.0
0.0
0.0
0.0
0.0
0.0
0.0042789248244305125
0.0042789248244305125
0.003940000085861759
0.003940000085861759
0.0
0.0
0.0
0.0
0.0029477037679410192
0.0029477037679410192
0.0032618033497708
0.0032618033497708
0.0
0.0
0.00040982493169107887
0.0003959602076338682
0.00015171178371026976
8.003620447949267e-05
0.0
0.0003275226408823355
0.0
0.0
0.0
0.0
0.0
0.0015728854097708995
0.00016222584943825422
0.00040689162440903646
0.0
0.00030261597617645445
0.0
0.0
0.00041322950017864756
0.0005242951365902999
0.0
0.0
0.0
0.0005466208910330187
0.00023644682630542937
0.0
0.0
0.0
0.0
0.00037470810609419736
0.0004654269107275294
0.00032969346203151417
0.0
0.0
0.0
0.0
