0.0
0.0
0.0
0.0
0.0
0.0
0.0
0.0
0.0
0.0
0.0
0.0
0.0
0.0
0.0
0.0
0.0
0.0
0.0
0.0
0.0
0.0
0.0
0.0
0.0
0.0
0.0
0.0
0.0
0.0
0.0009041591320072332
0.0
0.0005305039787798408
0.0
0.0
0.0
0.0
0.0
0.0
0.0
0.0
0.0
0.0
0.0
0.0
0.0
0.0
0.0
0.0
0.0
0.0
0.0
0.0
0.0
0.0
0.0
0.0
0.0
0.0
0.0
0.0
0.0
0.0
0.0
0.0
0.0
0.0
0.0
0.0
0.0
0.0
0.0
0.0
0.0
0.0
0.0
0.00040766408479412964
0.0010224948875255625
0.0
0.0007604562737642585
0.0012376237623762376
0.0
0.0010384215991692627
0.0
0.0
0.0
0.0005167958656330749
0.0
0.0
0.0
0.0
0.0
0.0
0.0
0.0011695906432748538
0.0
0.0
0.0009671179883945841
0.0
0.0
