0.0005741923630660708
0.0005741923630660708
0.0
0.0005741923630660708
0.0006487173300493849
0.0005741923630660708
0.0006144616294527178
0.0
0.0005424089547681675
0.0
0.0
0.0
0.0
0.0
0.0
0.0
0.0
0.0
0.0
0.0
0.0
0.0
0.0006697189702308398
0.0
0.0
0.0002913644346231197
0.0
0.0
0.0
0.0
0.0
0.0
0.0
0.0
0.0
0.0
0.0
0.0
0.0
0.0
0.0
0.0
0.0
0.0
0.0
0.0
0.0
0.0
0.0
0.0
0.0
0.0
0.0
0.0
0.0
0.0
0.0
0.0
0.0
0.0
0.0
0.0
0.0
0.0
0.0
0.0007410223829817849
0.0002839220338912291
0.0001497842910089891
0.0
0.0
0.0
0.0
0.0
0.0
0.0
0.0029435869363505685
0.0
0.0007614800561315889
0.0
0.0005663326957389307
0.0
0.0
0.0
0.0
0.0
0.0
0.0
0.0010229773281547993
0.0
0.000999634221337844
0.0
0.0
0.0
0.0
0.0
0.0
0.0017120172296475721
0.0
0.0
0.0
