0.0005560882028120054
0.0005560882028120054
0.0
0.0005560882028120054
0.0
0.0005560882028120054
0.0
0.0005710581148433658
0.0
0.0026516411729675406
0.0
0.0
0.0
0.0
0.0
0.0
0.0
0.0
0.0
0.0
0.0
0.0
0.0
0.0
0.0
0.0
0.0
0.0
0.0
0.0
0.0
0.0
0.0
0.0
0.0
0.0
0.0
0.0
0.004974113096877042
0.004974113096877042
0.0
0.0
0.0
0.0
0.0
0.0
0.0
0.0
0.0
0.0
0.0
0.0
0.0
0.0
0.0
0.0
0.0
0.0
0.0
0.0
0.0
0.0
0.0
0.0
0.0007427872286788579
0.0
0.0
0.00014506162490892418
0.0
0.0
0.0
0.0038986291840387623
0.0
0.0002895409068836496
0.0010407595945846624
0.0
0.0002940262531786266
0.0
0.0
0.0005484763490853011
0.0
0.0010172727772174484
0.0007489578390936355
0.0
0.0
0.0005040156527233899
0.0
0.0
0.0
0.0
0.0
0.0
0.0
0.0
0.0
0.0
0.0
0.0
0.0
0.0012224515238087644
