0.0
0.0
0.0
0.0
0.0
0.0
0.0
0.0
0.0
0.0
0.01275314012878872
0.0
0.0
0.0
0.0
0.0
0.0
0.0
0.0
0.0
0.0
0.0
0.0009404293979862186
0.0010055360486160337
0.0
0.0
0.0
0.0
0.0
0.0
0.0
0.0
0.0005547785095812599
0.0
0.0
0.0
0.0
0.0
0.0
0.0
0.0
0.0
0.0
0.0
0.0
0.0
0.0
0.0
0.0
0.0
0.0
0.0
0.0
0.0
0.0
0.0
0.0
0.0
0.0
0.0
0.0
0.0
0.0
0.0
0.0
0.0
0.0
0.0
0.0
0.0
0.0
0.0
0.0
0.0
0.0
0.0
0.00042631777030602324
0.0
0.0
0.0
0.0
0.0014749753040348024
0.0
0.0
0.0030224204929499275
0.0
0.0
0.0
0.0006213651161976679
0.0
0.0
0.0
0.0
0.0
0.0
0.0
0.0
0.0010113708806196084
0.0
0.0
