0.0
0.0
0.0
0.0
0.0
0.0
0.0
0.0
0.0007283321194464676
0.0
0.0
0.0
0.0
0.0
0.0
0.0
0.0
0.0
0.0
0.0
0.0
0.0
0.0
0.0
0.0
0.0003912363067292645
0.0
0.0
0.007142857142857143
0.0
0.0
0.0
0.0005305039787798408
0.0
0.0
0.0
0.0
0.0
0.0
0.0
0.0
0.0
0.0
0.0
0.0
0.0
0.0
0.0
0.0
0.0
0.0
0.0
0.0
0.0
0.0
0.0
0.0
0.0
0.0
0.0
0.0
0.0
0.0
0.0
0.0
0.0
0.0
0.00020112630732099757
0.0
0.0
0.0
0.0
0.0
0.0
0.0
0.0
0.0
0.0
0.0
0.0007604562737642585
0.0
0.0
0.0010384215991692627
0.0
0.0
0.0006988120195667365
0.0
0.0
0.0
0.0013422818791946308
0.0
0.0
0.0
0.0
0.0
0.0
0.0022988505747126436
0.0
0.0
0.0
