0.0
0.0
0.0
0.0
0.0
0.0
0.0
0.0
0.0
0.0
0.0
0.0
0.0
0.0
0.0
0.0
0.0
0.0
0.0
0.0
0.0
0.0
0.0
0.000921737802732476
0.0
0.0
0.0
0.0
0.0
0.0
0.0
0.0
0.0005085449946110211
0.0
0.0
0.0
0.0
0.0
0.0
0.0
0.0
0.0
0.0
0.0
0.0
0.0
0.0
0.0
0.0
0.0
0.0
0.0
0.0
0.0
0.0
0.0
0.0
0.0
0.0
0.0
0.0
0.0
0.0
0.0
0.0
0.0
0.00036546218636743233
0.0
0.0
0.0
0.0
0.0
0.001968392843617608
0.0
0.0
0.0
0.00039078977368193026
0.000980171078570322
0.001205795364580849
0.0
0.0011863951916358602
0.0
0.0
0.0
0.0
0.0
0.0004954042970758527
0.0
0.0
0.0012867212279755369
0.0
0.0
0.0
0.0
0.0011211781460137718
0.0
0.0
0.0
0.0
0.0
