0.00017667539580405226
0.00017667539580405226
0.00017902186590457484
0.00017667539580405226
0.0001996062616357629
0.00017667539580405226
0.00018906599699493052
0.00018143150305451766
0.0001668958400275716
0.0008424558395509405
0.0
0.0
0.0
0.0
0.0
0.0
0.0
0.0
0.0
0.0
0.0
0.0
0.00020606833485418687
0.00022033460419024597
0.00027708342002159104
8.9651012659568e-05
0.0002523656259447751
0.0
0.0
0.0002509835578946942
0.0002071862462548425
0.0005521638273683273
0.00012156391955323914
0.0004885884613173898
0.0
0.0
0.001086009423496947
0.001086009423496947
0.0
0.0
0.0
0.0
0.0018043148689594944
0.0018043148689594944
0.0025181097621742397
0.0025181097621742397
0.0
0.0
0.0
0.0
0.0
0.0
0.0
0.0
0.0
0.0
0.0022247377510471434
0.0022247377510471434
0.0
0.0
0.0018782621996545558
0.0018782621996545558
0.0
0.0
0.00023599174908121092
0.00022800794861478187
8.736103254207236e-05
4.608768872845048e-05
0.0
0.00018859916737272081
0.0
0.0012386377749073287
0.0004705297502214698
9.199036064145155e-05
0.00033066087786126375
0.0
9.341540495632116e-05
0.00023430264658267467
0.0002882364633432148
0.0001742570253671907
0.0002835989954923958
0.0003231988552296979
0.00023795222051698422
0.00030190775804724083
0.0
0.00016013136852400823
0.00011842273300147585
0.0
0.00013615447911934393
0.00030758119242665205
0.0026958586865630093
0.0
0.0002754182552378075
0.00021577023385862127
0.00026800934310860326
0.00018984920327908515
0.0
0.00022161314154531508
0.0003209355579241678
0.0003883864209455183
