0.0
0.0
0.0
0.0
0.0
0.0
0.0
0.0
0.0
0.0
0.0
0.0
0.0
0.0
0.0
0.0
0.0
0.0
0.0
0.0
0.0
0.0
0.0009864298678130005
0.0
0.0013263724462007937
0.00042915102230362147
0.0
0.0
0.0
0.0
0.0
0.0
0.0
0.0023388273198466022
0.0
0.0
0.0
0.0
0.0
0.0
0.0
0.0
0.0
0.0
0.0
0.0
0.0
0.0
0.0
0.0
0.0
0.0
0.0
0.0
0.0
0.0
0.0
0.0
0.0
0.0
0.0
0.0
0.0
0.0
0.0
0.0
0.0
0.0
0.0
0.0
0.0
0.0
0.0
0.00044034926254839685
0.0
0.0
0.0
0.0
0.0
0.0
0.0013575618972871985
0.0
0.0
0.0
0.0
0.0
0.0
0.0
0.0006517587718407942
0.0
0.0
0.0
0.0
0.0
0.001282935687728721
0.0
0.0
0.0
0.0
0.0
