0.0
0.0
0.0
0.0
0.0
0.0
0.0006144616294527178
0.0
0.0005424089547681675
0.0
0.0
0.0
0.0
0.0
0.0
0.0
0.0
0.0
0.0
0.0
0.0
0.0
0.0
0.0007160841297083596
0.0
0.0002913644346231197
0.0
0.0
0.0
0.0
0.0006733521653677159
0.0017945240840884192
0.0003950808991494397
0.0
0.0
0.0
0.0
0.0
0.0
0.0
0.0
0.0
0.0
0.0
0.0
0.0
0.0
0.0
0.0
0.0
0.0
0.0
0.0
0.0
0.0
0.0
0.0
0.0
0.0
0.0
0.0
0.0
0.0
0.0
0.0
0.0
0.0002839220338912291
0.0001497842910089891
0.0
0.0
0.0
0.0
0.0
0.00029896728016727976
0.0
0.0
0.0
0.0
0.0
0.0
0.0
0.0
0.0
0.0009811956454501896
0.0
0.0005204245247356351
0.0
0.0
0.0
0.000999634221337844
0.0
0.006475891259971251
0.0
0.0007012499951946269
0.0008710263098206946
0.0006170070380254298
0.0
0.0007202393567666285
0.0
0.0
