0.0
0.0
0.0
0.0
0.0
0.0
0.0
0.0007589923316245249
0.0
0.0
0.0
0.0
0.0
0.0
0.0
0.0
0.0
0.0
0.0
0.0
0.0
0.0
0.0
0.0
0.0
0.0
0.0
0.0
0.0
0.0010499532473622947
0.0008667335577231238
0.0
0.0
0.0
0.0
0.0
0.0
0.0
0.0
0.0
0.0
0.0
0.0
0.0
0.0
0.0
0.0
0.0
0.0
0.0
0.0
0.0
0.0
0.0
0.0
0.0
0.0
0.0
0.0
0.0
0.0
0.0
0.0
0.0
0.0
0.0
0.0
0.00019280114940502312
0.0
0.0
0.0
0.0
0.0
0.0
0.0
0.0
0.0
0.0
0.0
0.0
0.0
0.0013520554511167488
0.0
0.0
0.0
0.0
0.0
0.0
0.0
0.0012867212279755369
0.0
0.0
0.001152172253415595
0.0009026434226382062
0.0011211781460137718
0.0007942065574496893
0.0
0.0009270863779901113
0.0
0.0
