0.0
0.0
0.0
0.0
0.0
0.0
0.0
0.000791765637371338
0.0
0.0
0.0
0.0
0.0
0.0
0.0
0.0
0.0
0.0
0.0
0.008849557522123894
0.0
0.0
0.0
0.0
0.0
0.0
0.0
0.0
0.0
0.0
0.0
0.0024096385542168677
0.0
0.0
0.0
0.0
0.0
0.0
0.0
0.0
0.0
0.0
0.0
0.0
0.0
0.0
0.0
0.0
0.0
0.0
0.0
0.0
0.0
0.0
0.0
0.0
0.0
0.0
0.0
0.0
0.0
0.0
0.0
0.0
0.0
0.0
0.0003812428516965307
0.00020112630732099757
0.0
0.0
0.0
0.0
0.0
0.0
0.0
0.0
0.0
0.0
0.0
0.0
0.0
0.0
0.0
0.0013175230566534915
0.0
0.0
0.0
0.0
0.0
0.0013422818791946308
0.0
0.0
0.0
0.0009416195856873823
0.0
0.0
0.0
0.0009671179883945841
0.0014005602240896359
0.0
