0.0
0.0
0.0
0.0
0.0
0.0
0.0007045148220476585
0.0
0.0
0.0
0.0
0.0
0.0
0.0
0.0
0.0
0.0
0.0
0.010287614027973038
0.0
0.0
0.0
0.0
0.0
0.0
0.0
0.0009403876259050244
0.0
0.0
0.0
0.0007720361341064756
0.0020575228055946075
0.0
0.0
0.0
0.0
0.004046786560766645
0.004046786560766645
0.0
0.0
0.0
0.0
0.0
0.0
0.0
0.0
0.0
0.0
0.0
0.0
0.0
0.0
0.0
0.0
0.0
0.0
0.0
0.0
0.0
0.0
0.0
0.0
0.0
0.0
0.0
0.0
0.0
0.0001717361151089626
0.0016841656101020948
0.0
0.0
0.0
0.0017533305222212773
0.0
0.0
0.0
0.0
0.0
0.0010740527853103925
0.0
0.0
0.0
0.0
0.0
0.0
0.0
0.0
0.0011729010498925303
0.0
0.0
0.0
0.0
0.001026288418655964
0.0
0.0
0.0
0.0
0.0
0.0011958991096943446
0.0
