0.0005933315949280849
0.0005933315949280849
0.0
0.0005933315949280849
0.0
0.0005933315949280849
0.0
0.0
0.000560488768114877
0.0
0.0
0.0
0.0
0.0
0.0
0.0
0.0
0.0
0.0
0.0
0.0
0.0
0.0006920423368900415
0.0007399529602131982
0.0009305333477892697
0.00030107632183948594
0.0008475232143411081
0.0
0.0
0.0
0.0
0.0
0.0
0.0
0.0
0.0
0.0
0.0
0.0
0.0
0.0
0.0
0.0
0.0
0.0
0.0
0.0
0.0
0.0
0.0
0.0
0.0
0.0
0.0
0.0
0.0
0.0
0.0
0.0
0.0
0.0
0.0
0.0
0.0
0.0
0.0
0.00029338584773988796
0.00015477696673807845
0.0
0.0
0.0
0.0
0.0
0.0003089325887682562
0.0
0.0
0.0
0.0
0.000967988778140536
0.0
0.0009524147012645126
0.0
0.0
0.0
0.0
0.0005377715434114089
0.0
0.0
0.0
0.0
0.0
0.0
0.0
0.0007246243678170679
0.0
0.0
0.0
0.0
0.0
0.0
