0.00047786334486383495
0.00047786334486383495
0.0
0.00047786334486383495
0.0005398856779515627
0.00047786334486383495
0.0
0.0
0.0004514120599332804
0.0
0.0
0.0
0.0
0.0
0.0
0.0
0.0
0.0
0.0
0.0
0.0
0.0
0.0
0.0005959507291234558
0.0007494422712072479
0.00024248386474506808
0.0006825867382030771
0.0
0.0
0.0
0.0
0.0
0.00032880040227501004
0.0
0.0
0.0
0.0
0.0
0.0
0.0
0.0
0.0
0.0
0.0
0.0
0.0
0.0
0.0
0.0
0.0
0.0
0.0
0.0
0.0
0.0
0.0
0.0
0.0
0.0
0.0
0.0
0.0
0.0
0.0
0.0
0.0006167052321277551
0.0002362900336593191
0.000124655824273611
0.0
0.0005101142043525876
0.0
0.0
0.0
0.0002488112237207523
0.0008943560725662251
0.0
0.0
0.0
0.0
0.00047132224964896875
0.0
0.0
0.0
0.0
0.0
0.0
0.0003203042678492992
0.0008513581844620797
0.000368264265174328
0.0008319312191790522
0.0
0.0
0.0007449384114043197
0.0005836052337932147
0.0
0.0
0.0
0.0
0.0
0.0
