0.0
0.0
0.0
0.0
0.0
0.0
0.0
0.0
0.0
0.00302907625347176
0.0
0.0
0.0
0.0
0.0
0.0
0.0
0.0
0.0
0.0
0.0
0.0
0.0
0.0
0.0
0.0003223430128890136
0.0
0.0
0.0
0.0
0.0
0.001985322267335708
0.0
0.0
0.0
0.0
0.0
0.0
0.0
0.0
0.0
0.0
0.0
0.0
0.0
0.0
0.0
0.0
0.0
0.0
0.0
0.0
0.0
0.0
0.0
0.0
0.0
0.0
0.0061030277106986575
0.0061030277106986575
0.0
0.0
0.0
0.0
0.0
0.0008198096924819092
0.00031410931793531026
0.00016570972263562324
0.0016250665501860331
0.0006781141900776286
0.0
0.0
0.0
0.0
0.0
0.0
0.00033587800283094935
0.0
0.0
0.0
0.0
0.0
0.0
0.0
0.0
0.0
0.0
0.0
0.0
0.0
0.0
0.0
0.0
0.0007758086072922022
0.0009636359543208407
0.0006826087331767346
0.0
0.0
0.0
0.001396455493125964
