0.0
0.0
0.0006217812635500588
0.0
0.0
0.0
0.0
0.0
0.0005796649798573017
0.0
0.0
0.0
0.0
0.0
0.0
0.0
0.0
0.0
0.0
0.0
0.0
0.0
0.0007157194400576216
0.0
0.000962370033064178
0.0
0.0
0.0
0.0
0.0
0.0007196021856637208
0.0
0.0004222175158324006
0.0
0.0
0.0
0.0
0.0
0.0
0.0
0.0
0.0
0.0
0.0
0.0
0.0
0.0
0.0
0.0
0.0
0.0
0.0
0.0
0.0
0.0
0.0
0.0
0.0
0.0
0.0
0.0
0.0
0.0
0.0
0.0
0.0007919204152677364
0.0003034235674205395
0.00016007240895898534
0.0
0.0
0.0
0.0
0.0
0.0003195022149113108
0.0
0.003145770819541799
0.0
0.0
0.0010011069400554405
0.0
0.0
0.001122538811486707
0.0
0.0
0.0
0.0005561705222530224
0.000411307502503398
0.0010932417820660374
0.0
0.0
0.0
0.0
0.0
0.0
0.0
0.0
0.0
0.0
0.0
0.0
