0.0007099604887836355
0.0007099604887836355
0.0
0.0007099604887836355
0.0
0.0007099604887836355
0.0
0.0
0.0
0.0
0.0
0.0
0.0
0.0
0.0
0.0
0.0
0.0
0.0
0.0
0.0
0.0
0.0
0.0
0.0011134446843438636
0.0
0.0010141175704321314
0.0
0.0
0.0
0.0008325666853095617
0.0
0.0
0.0
0.0
0.0
0.0
0.0
0.0
0.0
0.0
0.0
0.0
0.0
0.0
0.0
0.0
0.0
0.0
0.0
0.0
0.0
0.0
0.0
0.0
0.0
0.0
0.0
0.0
0.0
0.0
0.0
0.0
0.0
0.0
0.0
0.0003510555676524496
0.0
0.0
0.0007578755176562759
0.0
0.0
0.0
0.0
0.0
0.0
0.0
0.0
0.0
0.0007002423984428708
0.0
0.001298757057760755
0.0
0.0
0.0
0.0006434792131043851
0.0
0.0
0.0
0.0
0.0
0.0
0.0
0.0
0.0
0.0
0.0
0.0
0.0
0.0
