0.0
0.0
0.0006012117801732236
0.0
0.0
0.0
0.0006349431341763417
0.0006093041002547317
0.0
0.0
0.0
0.0
0.0
0.0
0.0
0.0
0.0
0.0
0.0
0.0
0.0
0.0
0.0006920423368900415
0.0
0.0
0.00030107632183948594
0.0
0.0
0.0
0.0008428817947664032
0.00069579663528185
0.0
0.0
0.0
0.0
0.0
0.0
0.0
0.0
0.0
0.0
0.0
0.0
0.0
0.0
0.0
0.0
0.0
0.0
0.0
0.0
0.0
0.0
0.0
0.0
0.0
0.0
0.0
0.0
0.0
0.0
0.0
0.0
0.0
0.0
0.0
0.00029338584773988796
0.00015477696673807845
0.0
0.0006333753733512149
0.0
0.0
0.0
0.0003089325887682562
0.0
0.0
0.0
0.0
0.0
0.0005852099457199438
0.0009524147012645126
0.0
0.0
0.0
0.0
0.0
0.0003977008158251814
0.0
0.00045724960108242793
0.0
0.0
0.0
0.0
0.0
0.0
0.0006375733874247937
0.0
0.0007442466911235262
0.0
0.0
