0.0005560882028120054
0.0005560882028120054
0.0
0.0005560882028120054
0.0
0.0005560882028120054
0.0
0.0005710581148433658
0.0
0.0
0.0
0.0
0.0
0.0
0.0
0.0
0.0
0.0
0.0
0.0
0.0
0.0
0.0
0.0006935061529299722
0.0
0.0
0.0007943242280255188
0.0
0.0
0.0
0.0006521215181258327
0.0
0.0
0.0
0.0
0.0
0.0
0.0
0.0
0.0
0.0
0.0
0.0
0.0
0.0
0.0
0.0
0.0
0.0
0.0
0.0
0.0
0.0
0.0
0.0
0.0
0.0
0.0
0.0
0.0
0.0
0.0
0.0054229052559937665
0.0054229052559937665
0.0
0.0
0.0
0.0
0.0
0.0005936184354297703
0.0
0.0
0.001480998766010618
0.0
0.0
0.0
0.0
0.0007374707556719541
0.0
0.0005484763490853011
0.0
0.0
0.0
0.0009502587602729526
0.0
0.0005040156527233899
0.0003727371571303209
0.000990723075614246
0.0
0.0
0.0
0.0
0.0
0.0
0.0008435630398212527
0.0
0.0
0.0
0.0
0.0
