0.0
0.0
0.0
0.0
0.0
0.0
0.0006144616294527178
0.0
0.0
0.0
0.0
0.0
0.0
0.0
0.0
0.0
0.0
0.0
0.0
0.0
0.0
0.0
0.0006697189702308398
0.0
0.0
0.0
0.0
0.0
0.0
0.0008156927654947359
0.0006733521653677159
0.0
0.0003950808991494397
0.0
0.0
0.0
0.0
0.0
0.0
0.0
0.0
0.0
0.0
0.0
0.0
0.0
0.0
0.0
0.0
0.0
0.0
0.0
0.0
0.0
0.0
0.0
0.0
0.0
0.0
0.0
0.0
0.0
0.0
0.0
0.0
0.0007410223829817849
0.0
0.0
0.0014688905224786862
0.0
0.0
0.0
0.0015292145685763736
0.0
0.0
0.0029435869363505685
0.00030359865262808556
0.0007614800561315889
0.0
0.0005663326957389307
0.0009216924441790765
0.0010503913891349703
0.0
0.0009811956454501896
0.0
0.0
0.00038487209038588825
0.0010229773281547993
0.0
0.0
0.0
0.0
0.0
0.0
0.0
0.0
0.0
0.0007202393567666285
0.0
0.0
