0.0
0.0
0.0
0.0
0.0
0.0
0.0006349431341763417
0.0006093041002547317
0.000560488768114877
0.0
0.0
0.0
0.0
0.0
0.0
0.0
0.0
0.0
0.0
0.0
0.0
0.0
0.0
0.0
0.0
0.0
0.0
0.0
0.005496793418726615
0.0
0.00069579663528185
0.0
0.0
0.0
0.0
0.0
0.0
0.0
0.00530724881808087
0.00530724881808087
0.0
0.0
0.0
0.0
0.0
0.0
0.0
0.0
0.0
0.0
0.0
0.0
0.0
0.0
0.0
0.0
0.0
0.0
0.0
0.0
0.0
0.0
0.0
0.0
0.0007925345814847848
0.0
0.0
0.00015477696673807845
0.0
0.0
0.0
0.0
0.0
0.0003089325887682562
0.0
0.0
0.0
0.0007868620435804971
0.0
0.0005852099457199438
0.0
0.0
0.0
0.0
0.0
0.0005377715434114089
0.0
0.0
0.00045724960108242793
0.0
0.0
0.0
0.0
0.0
0.0
0.0006375733874247937
0.0
0.0007442466911235262
0.0
0.0013043238620707221
