0.0005225757172444724
0.0005225757172444724
0.0005295161759891256
0.0005225757172444724
0.0005904013112073874
0.0005225757172444724
0.000559225004344951
0.0
0.0
0.0
0.0
0.0
0.0
0.0
0.0075308967251786745
0.0
0.0
0.0
0.0
0.0
0.0
0.0
0.0
0.0
0.0008195655444571713
0.0
0.0007464545212181506
0.0
0.004841290751900576
0.0
0.0006128216141646299
0.0
0.0
0.0
0.0
0.0
0.0
0.0
0.0
0.0
0.0
0.0
0.0
0.0
0.0
0.0
0.0
0.0
0.0
0.0
0.0
0.0
0.0
0.0
0.0
0.0
0.0
0.0
0.0
0.0
0.0
0.0
0.0
0.0
0.0
0.0
0.0
0.00013631953042358822
0.0013368455725169244
0.0
0.007060215679855007
0.0
0.0
0.0
0.0
0.0
0.0002763068509034165
0.0006930273059980376
0.0008525543462466423
0.0
0.0
0.0
0.0
0.0
0.0
0.0
0.0
0.0
0.0
0.0
0.0
0.0
0.0008146402707525009
0.0
0.0
0.0
0.0
0.0
0.0009492726964510934
0.0011487808563831875
