0.0006352418974127361
0.0006352418974127361
0.0
0.0006352418974127361
0.0007176905408922637
0.0006352418974127361
0.0006797926905481178
0.0
0.0
0.0
0.0
0.0
0.0
0.0
0.0
0.0
0.0
0.0
0.0
0.0
0.0
0.0
0.0007409251267484881
0.0
0.0
0.0003223430128890136
0.0
0.0
0.0
0.0
0.0
0.0
0.0
0.0
0.0
0.0
0.0
0.0
0.0
0.0
0.0
0.0
0.0
0.0
0.0
0.0
0.0
0.0
0.0
0.0
0.0
0.0
0.0
0.0
0.0
0.0
0.0
0.0
0.0
0.0
0.0
0.0
0.0
0.0
0.0
0.0
0.00031410931793531026
0.0
0.0
0.0
0.0
0.0
0.0
0.0003307542115392689
0.001188901502084154
0.0
0.00033587800283094935
0.000842442475403189
0.0
0.0
0.0
0.0
0.0
0.0
0.0
0.0
0.0
0.0
0.0
0.0
0.0
0.0
0.000990274929019614
0.0
0.0
0.0
0.0
0.0
0.0
0.001396455493125964
