0.0
0.0
0.00078125
0.0
0.0
0.0
0.0
0.0
0.0
0.0
0.0
0.0
0.00909090909090909
0.0
0.0
0.0
0.0
0.0
0.0
0.0
0.0
0.0
0.0
0.0
0.0012091898428053204
0.0003912363067292645
0.0
0.0
0.0
0.0
0.0
0.0
0.0005305039787798408
0.0
0.0
0.0
0.0
0.0
0.0
0.0
0.0
0.0
0.0
0.0
0.0
0.0
0.0
0.0
0.0
0.0
0.0
0.0
0.0
0.0
0.0
0.0
0.0
0.0
0.0
0.0
0.0
0.0
0.0
0.0
0.0
0.0
0.0
0.00020112630732099757
0.0
0.0
0.0
0.0
0.0
0.0
0.0
0.0
0.0
0.0
0.0
0.0007604562737642585
0.0
0.0
0.0
0.0
0.0
0.0006988120195667365
0.0
0.0013736263736263737
0.0
0.0
0.0
0.0
0.0
0.0
0.0
0.0008285004142502071
0.0
0.0
0.0
0.0
