0.0
0.0
0.0
0.0
0.0
0.0
0.0
0.0006093041002547317
0.0
0.0
0.0
0.0
0.006995918896561146
0.0
0.0
0.0
0.0
0.0
0.0
0.0
0.0
0.0
0.0
0.0007399529602131982
0.0
0.00030107632183948594
0.0
0.0
0.0
0.0
0.0
0.0
0.0004082499090831438
0.0
0.0
0.0
0.0
0.0
0.0
0.0
0.0
0.0
0.006059457311982095
0.006059457311982095
0.0
0.0
0.0
0.0
0.0
0.0
0.0
0.0
0.0
0.0
0.0
0.0
0.0
0.0
0.0
0.0
0.0
0.0
0.0
0.0
0.0
0.0007657224662902747
0.00029338584773988796
0.00015477696673807845
0.0
0.0006333753733512149
0.0
0.0
0.0
0.0003089325887682562
0.0
0.0
0.0
0.0
0.000967988778140536
0.0
0.0
0.0
0.0007991184617048039
0.0
0.0
0.0005377715434114089
0.0003977008158251814
0.0
0.0
0.0
0.0
0.0
0.0
0.0007246243678170679
0.0
0.0
0.0
0.0
0.0
0.0
