0.0
0.0
0.0
0.0
0.0
0.0
0.0
0.0
0.0
0.0
0.0
0.0
0.0
0.0
0.0
0.0
0.0
0.0
0.0
0.0
0.0
0.0
0.0010987848467772989
0.0
0.0
0.0004780315921816731
0.0
0.0
0.0
0.0013382790247714745
0.0
0.0
0.0006481956231386506
0.0
0.0
0.0
0.0
0.0
0.0
0.0
0.0
0.0
0.0
0.0
0.0
0.0
0.0
0.0
0.0
0.0
0.0
0.0
0.0
0.0
0.0
0.0
0.0
0.0
0.0
0.0
0.0
0.0
0.0
0.0
0.0
0.0
0.0
0.0
0.0
0.0
0.0
0.0
0.0
0.0
0.0
0.0
0.0
0.0
0.0
0.0
0.0
0.0017233409726605871
0.0
0.0
0.0
0.0
0.0
0.0
0.0
0.0016400654357266527
0.0
0.0
0.0
0.0
0.0
0.0
0.0
0.0
0.0
0.0
