0.00033292079871473016
0.00033292079871473016
0.0003373424030726602
0.00033292079871473016
0.0
0.00033292079871473016
0.0003562692045651857
0.0003418830371599406
0.0
0.0
0.0
0.0
0.0
0.0
0.0
0.0
0.0
0.0
0.0
0.0
0.0
0.0
0.00038830780209802614
0.00041519064993558177
0.0005221260893990387
0.00016893516272809274
0.00047554876204075445
0.0
0.0
0.00047294444242388284
0.0003904143543698056
0.0
0.00022907070341273474
0.0009206786267228252
0.0
0.0
0.0
0.0
0.002977919144365552
0.002977919144365552
0.0
0.0
0.0
0.0
0.0
0.0
0.0
0.0
0.0
0.0
0.0
0.0
0.0
0.0
0.0
0.0
0.0
0.0
0.0
0.0
0.0
0.0
0.0
0.0
0.0
0.00042965002580398504
0.00016462000607434427
8.684599274597848e-05
0.0008516731280729883
0.00035538952751687654
0.0
0.0
0.0
0.00017334334642031516
0.0
0.0
0.00017602864897391153
0.00044151152958384976
0.0
0.0003283637079338441
0.0005344038068477785
0.0
0.0
0.0005689041843649605
0.0
0.0003017458252501782
0.00022315156378966666
0.0
0.00025656463216459
0.0005795950012523557
0.0
0.0037547676168087395
0.0
0.0
0.0005050272233134562
0.0
0.0
0.0004175998800125774
0.0
0.0007318614846322118
