0.0
0.0
0.0
0.0
0.0
0.0
0.0
0.0009144116864495196
0.0
0.0
0.0
0.0
0.0
0.0
0.0
0.0
0.0
0.0
0.0
0.0
0.0
0.0
0.0
0.0
0.0
0.0
0.0
0.0
0.0
0.0
0.0
0.0
0.0
0.002462477526622054
0.0
0.0
0.0
0.0
0.0
0.0
0.0
0.0
0.0
0.0
0.012691230329513664
0.012691230329513664
0.0
0.0
0.0
0.0
0.0
0.0
0.0
0.0
0.0
0.0
0.0
0.0
0.0
0.0
0.0
0.0
0.0
0.0
0.0011893943975136388
0.0
0.0
0.00023228116652971505
0.0
0.0
0.0
0.0
0.0
0.0
0.0
0.0
0.0
0.0
0.0
0.0
0.0
0.0
0.0
0.0
0.0
0.0
0.0
0.0
0.0
0.0
0.0
0.0
0.0
0.0010874783050713213
0.0
0.0
0.0
0.0
0.0
0.0
