0.000451061412512862
0.000451061412512862
0.0004570520718977985
0.000451061412512862
0.0005096050975863955
0.000451061412512862
0.00048269525744982014
0.0004632040000231053
0.0
0.0
0.0
0.0
0.0
0.0
0.0
0.0
0.0
0.0
0.0
0.0
0.0
0.0
0.0
0.0
0.0
0.00022888366667808373
0.0
0.0
0.0
0.0006407739890790603
0.0
0.0
0.0003103589665937305
0.001247391582151774
0.0
0.0
0.0
0.0
0.0040346665657184965
0.0040346665657184965
0.0
0.0
0.0
0.0
0.0
0.0
0.0
0.0
0.0
0.0
0.0
0.0
0.0
0.0
0.0
0.0
0.0
0.0
0.0
0.0
0.0
0.0
0.0
0.0
0.0
0.0
0.00022303722913807932
0.00011766425020699557
0.0
0.0004815034173079687
0.0
0.0031623062271847677
0.0
0.0
0.0
0.0
0.00023849435467965024
0.0
0.0
0.0
0.0
0.0008251433738070269
0.000607504311556783
0.0
0.0
0.0004088236562048791
0.0003023393550538408
0.0
0.00034760941891216995
0.0
0.0
0.0
0.0
0.0005508725536997948
0.000684241698279745
0.0
0.0
0.0
0.0
0.0
