0.0
0.0
0.0
0.0
0.0
0.0
0.0
0.0
0.0
0.0
0.0
0.0
0.0
0.0
0.0
0.0
0.0
0.0
0.0
0.0
0.0
0.0
0.0007968135320981684
0.0008519775458588109
0.0
0.00034665753039638626
0.0
0.0
0.0
0.0009704892088643628
0.0
0.0
0.00047005657702555077
0.0
0.0
0.0
0.0
0.0
0.0
0.0
0.0
0.0
0.0
0.0
0.0
0.0
0.0
0.0
0.0
0.0
0.0
0.0
0.0
0.0
0.0
0.0
0.0
0.0
0.0
0.0
0.0
0.0
0.0
0.0
0.0
0.0
0.0
0.00017820930162774803
0.0
0.000729264730611657
0.0
0.0
0.0
0.0003557031905632932
0.0
0.0
0.000361213472357588
0.0
0.0
0.0
0.0
0.0012497272887068594
0.0
0.0
0.0
0.0006191870354249918
0.0
0.0
0.0
0.0
0.0
0.0
0.0
0.0008343282934963872
0.0
0.0
0.0020369118337773867
0.0
0.0
0.0
