0.0
0.0
0.0
0.0
0.0
0.0
0.0007310698413309928
0.0
0.0006453435161639936
0.0
0.0
0.0
0.0
0.0
0.0
0.0
0.0
0.0
0.0
0.0
0.0
0.0
0.0
0.0
0.0
0.00034665753039638626
0.0009758333124374046
0.0
0.0
0.0
0.0
0.0
0.0
0.0
0.0
0.0
0.0
0.0
0.006110735501332161
0.006110735501332161
0.0
0.0
0.0
0.0
0.0
0.0
0.0
0.0
0.0
0.0
0.0
0.0
0.0
0.0
0.0
0.0
0.0
0.0
0.0
0.0
0.0
0.0
0.0
0.0
0.0009125197195604152
0.000881648405664839
0.0
0.00017820930162774803
0.0
0.0
0.0
0.0
0.0
0.0003557031905632932
0.0
0.0
0.0
0.0009059883923242979
0.0
0.0
0.0
0.0
0.0
0.0011674000628368424
0.0
0.0
0.0
0.0
0.0
0.0
0.0
0.0
0.0
0.0
0.0
0.0007340982996629356
0.0
0.0
0.0
0.0
