0.0
0.0
0.0
0.0
0.0
0.0
0.0
0.0
0.0
0.0
0.0
0.0
0.0
0.0
0.0
0.0
0.0
0.0
0.0
0.0
0.0
0.0
0.0
0.0
0.0
0.0
0.0009758333124374046
0.0
0.0
0.0
0.0
0.0
0.0
0.0
0.0
0.0
0.0
0.0
0.0
0.0
0.0
0.0
0.0
0.0
0.0
0.0
0.0
0.0
0.0
0.0
0.009527490835410359
0.009527490835410359
0.0
0.0
0.0
0.0
0.0
0.0
0.0
0.0
0.0
0.0
0.0
0.0
0.0
0.0
0.0003378027631312098
0.00017820930162774803
0.0
0.0
0.0
0.0
0.0
0.0003557031905632932
0.0
0.0035022001885105267
0.000361213472357588
0.0009059883923242979
0.0
0.0
0.0
0.0012497272887068594
0.0009201003610520907
0.0
0.0
0.0006191870354249918
0.0
0.0
0.0
0.0
0.0
0.0
0.0
0.0008343282934963872
0.0
0.0
0.0
0.0
0.0
0.0
