0.0
0.0
0.0008169980395005274
0.0
0.0
0.0
0.0008628362133338903
0.0
0.0
0.0
0.0
0.0
0.0
0.0
0.0
0.0
0.0
0.0
0.0
0.0
0.0
0.0
0.0
0.0010055360486160337
0.0
0.0004091382983414222
0.0
0.0
0.0
0.0
0.0
0.0
0.0
0.0
0.0
0.0
0.0
0.0
0.0
0.0
0.0
0.0
0.0
0.0
0.0
0.0
0.0
0.0
0.0
0.0
0.0
0.0
0.0
0.0
0.0
0.0
0.0
0.0
0.0
0.0
0.0
0.0
0.0
0.0
0.0
0.0
0.0
0.00021032934242974156
0.0
0.0
0.0
0.0
0.0
0.0
0.0
0.0
0.00042631777030602324
0.0
0.0
0.0
0.0012942543200008354
0.0
0.0
0.0
0.0
0.0
0.0
0.0
0.0
0.0
0.0
0.0
0.0
0.0009847057349912194
0.0
0.0
0.0
0.0
0.0
0.001772470322984195
