0.0002600170919957023
0.0002600170919957023
0.00026347044399877023
0.0002600170919957023
0.00029376495498120725
0.0002600170919957023
0.0
0.00026701676034713055
0.0002456243032180815
0.0
0.0
0.0
0.0
0.0
0.0
0.0
0.0
0.0
0.0
0.0
0.0
0.0
0.0
0.00032427131569079414
0.0
0.0
0.0003714120796458435
0.0
0.0
0.0
0.0003049205861830252
0.0008126317308877733
0.0001789083121052657
0.0007190664569689251
0.0031226126696150547
0.0031226126696150547
0.0015983041152532035
0.0015983041152532035
0.0
0.0
0.0
0.0
0.0
0.0
0.0
0.0
0.0
0.0
0.0037059578936090762
0.0037059578936090762
0.0
0.0
0.0
0.0
0.0
0.0
0.0
0.0
0.0
0.0
0.0
0.0
0.00253565540089042
0.00253565540089042
0.00034731428251125223
0.00033556434658549837
0.0001285711659620381
6.782827198681132e-05
0.0
0.0002775655706324493
0.0
0.0
0.0
0.00013538425062963706
0.0
0.0
0.00013748151990151892
0.0003448283929636257
0.00042420398530619607
0.000256457922675609
0.0004173789211861707
0.00047565891159157393
0.0003501995517325295
0.00044432433243534375
0.0009746883477411153
0.00023566888072566448
0.00017428535830409607
0.00046324473670113453
0.00020038156168652758
0.0004526740514341287
0.0
0.0
0.0004053391446134927
0.0
0.00039443528458295426
0.00027940527615445394
0.0
0.00032615296742594384
0.0
0.0
