0.0
0.0
0.0
0.0
0.0
0.0
0.0
0.0
0.0
0.0
0.0
0.0
0.0
0.0
0.0
0.0
0.0
0.0
0.0
0.0
0.0
0.0
0.0
0.0007399529602131982
0.0
0.00030107632183948594
0.0008475232143411081
0.0
0.0
0.0
0.00069579663528185
0.0
0.0004082499090831438
0.0
0.0
0.0
0.0
0.0
0.0
0.0
0.0
0.0
0.0
0.0
0.0
0.0
0.0
0.0
0.0
0.0
0.0
0.0
0.0
0.0
0.0
0.0
0.0
0.0
0.0
0.0
0.0
0.0
0.0
0.0
0.0
0.0007657224662902747
0.00029338584773988796
0.00015477696673807845
0.0
0.0
0.0
0.0
0.0
0.0003089325887682562
0.0
0.0
0.0
0.0
0.000967988778140536
0.0
0.0009524147012645126
0.0010854034959403753
0.0007991184617048039
0.001013901289356688
0.0
0.0005377715434114089
0.0003977008158251814
0.0
0.00045724960108242793
0.0
0.0
0.0
0.0
0.0
0.0
0.0
0.0
0.0
0.0
0.0
