0.0004641942878396009
0.0004641942878396009
0.00047035936822497064
0.0004641942878396009
0.0
0.0004641942878396009
0.0
0.0
0.0004384996295178168
0.0
0.0
0.0
0.0
0.0
0.0
0.0
0.0
0.0
0.0
0.0
0.0
0.0
0.0005414208555107575
0.0
0.0007280048262732315
0.00023554772743660503
0.0
0.0
0.0
0.000659430439570605
0.0005443580391753729
0.0
0.0
0.0
0.0
0.0
0.0
0.0
0.0
0.0
0.0027744700061196424
0.0027744700061196424
0.0
0.0
0.0
0.0
0.0
0.0
0.0
0.0
0.0
0.0
0.0
0.0
0.0
0.0
0.0
0.0
0.0
0.0
0.0
0.0
0.0
0.0
0.0
0.0
0.00022953106798626093
0.0001210901028415049
0.0
0.0004955226266073764
0.0
0.0
0.0
0.000241694095274172
0.0
0.0
0.0
0.0
0.0007573081651924055
0.0
0.0
0.0008491678297996648
0.0
0.0007932279200631916
0.0
0.0
0.0003111421143813759
0.0
0.0003577302384598707
0.0008081342165476004
0.0
0.0
0.0007236297972691856
0.000566911479593185
0.0
0.0
0.0
0.0
0.0
0.0
