0.0005389128792105002
0.0005389128792105002
0.0
0.0005389128792105002
0.0
0.0005389128792105002
0.0
0.0005534204309865549
0.0
0.0
0.0
0.0
0.0
0.0
0.0
0.0
0.0
0.0
0.0
0.0
0.0
0.0
0.0
0.0
0.0008451874296687048
0.000273462443010962
0.0
0.0
0.0
0.0
0.0
0.0
0.0
0.0
0.0
0.0
0.0
0.0
0.0
0.0
0.0
0.0
0.0
0.0
0.0
0.0
0.0
0.0
0.0
0.0
0.0
0.0
0.0
0.0
0.0
0.0
0.0
0.0
0.005177555587674214
0.005177555587674214
0.0
0.0
0.0
0.0
0.0
0.0006954925416278794
0.00026647731770340025
0.00014058125590024514
0.0
0.0
0.0
0.0
0.0
0.0
0.0
0.0
0.00028494496711619195
0.0
0.0008792075526239231
0.0
0.0008650618865544788
0.0
0.0007258255496739552
0.0
0.0
0.0
0.000361224808442387
0.0
0.00041531194553536476
0.0
0.0
0.0
0.0
0.0006581638458907898
0.0
0.0
0.0
0.0
0.0009789495859047882
0.0
