0.0003612344510082844
0.0003612344510082844
0.0003660320960607382
0.0003612344510082844
0.0
0.0003612344510082844
0.0003865685502951691
0.0
0.00034123895335596866
0.0
0.0
0.0
0.0
0.0
0.0
0.0
0.0
0.0
0.0
0.0
0.0
0.0
0.00042133190913466273
0.00045050104130552396
0.0005665309346526541
0.00018330245812118347
0.0
0.0
0.0
0.0005131665749811006
0.0
0.0011289664649584215
0.00024855229865132354
0.0
0.004338158175534675
0.004338158175534675
0.00222047906615045
0.00222047906615045
0.0
0.0
0.0
0.0
0.0
0.0
0.0
0.0
0.0
0.0
0.0
0.0
0.0
0.0
0.0
0.0
0.0
0.0
0.0
0.0
0.0
0.0
0.0
0.0
0.0
0.0
0.0004825139886279556
0.0
0.0001786203137467575
9.4231915317326e-05
0.0
0.0
0.0
0.0
0.0
0.0001880855411311702
0.0006760765987846247
0.0
0.00019099921849072358
0.0004790604120222341
0.0005893346955443332
0.0
0.0
0.0
0.0004865224122094963
0.0
0.0
0.0003274081641912962
0.0
0.0
0.00027838448185249254
0.0
0.0
0.004074096373545608
0.000563126301631905
0.00044116862802047544
0.0
0.0003881699113154473
0.0
0.00045311516727054635
0.0
0.0
