0.0005560882028120054
0.0005560882028120054
0.0005634737492556024
0.0005560882028120054
0.000628263413804156
0.0005560882028120054
0.0005950877879927154
0.0005710581148433658
0.0005253069184611588
0.0026516411729675406
0.0
0.0
0.0
0.0
0.0
0.0
0.0
0.0
0.0
0.0
0.0
0.0
0.0
0.0
0.0
0.0002821777774049965
0.0
0.0
0.0
0.0
0.0
0.0
0.0
0.0
0.0
0.0
0.0
0.0
0.0
0.0
0.0
0.0
0.0
0.0
0.0
0.0
0.0
0.0
0.0
0.0
0.0
0.0
0.0
0.0
0.0
0.0
0.0
0.0
0.0
0.0
0.0
0.0
0.0
0.0
0.0007427872286788579
0.0
0.0
0.0
0.0
0.0
0.0
0.0
0.0
0.0002895409068836496
0.0
0.0
0.0
0.0
0.0
0.0
0.0
0.0
0.0
0.0009502587602729526
0.0
0.0
0.0
0.0
0.0
0.0
0.0
0.0
0.0
0.0
0.0
0.0005975529403870513
0.001658037698959014
0.0006975303665833376
0.0010101490182733489
0.0012224515238087644
