0.0004641942878396009
0.0004641942878396009
0.00047035936822497064
0.0004641942878396009
0.0005244425011567617
0.0004641942878396009
0.0
0.0004766904127695664
0.0004384996295178168
0.0
0.0
0.0
0.005473272648436021
0.0
0.0
0.0
0.0
0.0
0.0
0.0
0.0
0.0
0.0005414208555107575
0.0005789038378153485
0.0
0.0
0.0
0.0
0.0
0.000659430439570605
0.0
0.0
0.0
0.0012837100028314763
0.0
0.0
0.0
0.0
0.0
0.0
0.0
0.0
0.0
0.0
0.0
0.0
0.0
0.0
0.0
0.0
0.0
0.0
0.0
0.0
0.0
0.0
0.0
0.0
0.0
0.0
0.0
0.0
0.0
0.0
0.0
0.0005990646679880223
0.0
0.0001210901028415049
0.0
0.0004955226266073764
0.0
0.0
0.0
0.000241694095274172
0.0
0.0
0.0002454382353558754
0.0
0.0007573081651924055
0.00045784029758780406
0.0
0.0
0.0
0.0
0.0017400577784045155
0.0004207267584402253
0.0
0.000827005482593355
0.0003577302384598707
0.0
0.0
0.0
0.0
0.0
0.0
0.0
0.0
0.0
0.0008432212763696953
0.0
