0.0
0.0
0.0005634737492556024
0.0
0.0
0.0
0.0005950877879927154
0.0005710581148433658
0.0005253069184611588
0.0
0.0
0.0
0.0
0.0
0.0
0.007512983323408031
0.0
0.0
0.0
0.0
0.0
0.004074838412695882
0.0
0.0
0.0
0.0002821777774049965
0.0
0.0
0.0
0.0
0.0
0.0
0.000382624084375157
0.001537838803938531
0.0
0.0
0.0
0.0
0.0
0.0
0.0
0.0
0.0
0.0
0.0
0.0
0.0
0.0
0.0
0.0
0.0
0.0
0.0
0.0
0.0
0.0
0.0
0.0
0.0
0.0
0.0
0.0
0.0
0.0
0.0
0.0
0.0
0.00014506162490892418
0.0
0.0005936184354297703
0.0
0.0
0.0
0.0
0.0
0.0
0.0
0.0
0.0
0.0
0.0
0.0
0.0
0.0
0.0
0.0005040156527233899
0.0003727371571303209
0.000990723075614246
0.0004285480683583904
0.0009681159718753973
0.0
0.0
0.0
0.0006791397354493136
0.0
0.0005975529403870513
0.0
0.0006975303665833376
0.0
0.0
