0.0
0.0
0.0
0.0
0.0
0.0
0.0
0.0007290726476265836
0.0006706618746921888
0.0
0.0
0.0
0.0
0.0
0.0
0.0
0.0
0.0
0.0
0.0
0.0
0.0
0.0
0.0
0.0
0.0003602577284633706
0.0
0.0
0.0
0.0
0.0
0.0
0.0
0.0
0.0
0.0
0.0
0.0
0.0
0.0
0.0
0.0
0.0
0.0
0.0
0.0
0.0
0.0
0.0
0.0
0.0
0.0
0.0
0.0
0.0
0.0
0.0
0.0
0.0
0.0
0.0
0.0
0.0
0.0
0.0
0.0009162375661217663
0.0003510555676524496
0.00018520087569436346
0.0
0.0
0.0
0.0
0.0
0.0
0.0
0.0
0.0
0.0
0.0011582625835878933
0.0007002423984428708
0.0
0.0
0.0
0.0
0.0
0.0
0.0
0.0
0.0005471293844042633
0.0
0.0
0.0
0.0011067533100389125
0.0008670609735898071
0.0010769809987747079
0.0
0.0
0.0
0.0
0.0
