0.0
0.0
0.0
0.0
0.0
0.0
0.0008250825082508251
0.0
0.0007283321194464676
0.0
0.0
0.0
0.0
0.0
0.0
0.0
0.0
0.0
0.0
0.0
0.0
0.0
0.0
0.0
0.0
0.0003912363067292645
0.0
0.0
0.0
0.0
0.0
0.0
0.0
0.0
0.0
0.0
0.0
0.0
0.0
0.0
0.0
0.0
0.0
0.0
0.0
0.0
0.0
0.0
0.0
0.0
0.0
0.0
0.0
0.0
0.0
0.0
0.0
0.0
0.0
0.0
0.0
0.0
0.0
0.0
0.0
0.0
0.0
0.00020112630732099757
0.0
0.0
0.0
0.005405405405405406
0.0
0.0
0.0
0.0
0.00040766408479412964
0.0
0.0
0.0007604562737642585
0.0
0.0014104372355430183
0.0
0.0
0.0
0.0
0.0
0.0013736263736263737
0.0
0.0
0.0
0.0
0.0
0.0
0.0
0.0008285004142502071
0.0
0.0
0.0
0.0
