0.00047786334486383495
0.00047786334486383495
0.00048420996741280783
0.00047786334486383495
0.0005398856779515627
0.00047786334486383495
0.0005113768632742524
0.0
0.0
0.002278635140766154
0.0
0.0
0.0
0.0
0.0
0.0
0.0
0.0
0.0
0.0
0.0
0.0
0.0
0.0
0.0
0.0
0.0
0.0
0.0
0.0006788485852008697
0.0
0.0014934668874419133
0.00032880040227501004
0.0
0.0
0.0
0.0
0.0
0.0
0.0
0.0
0.0
0.0
0.0
0.0
0.0
0.0
0.0
0.0
0.0
0.0
0.0
0.006136522359291029
0.006136522359291029
0.0
0.0
0.0
0.0
0.0
0.0
0.0
0.0
0.0
0.0
0.0006382994421095715
0.0
0.0
0.000124655824273611
0.0012224630340993965
0.0
0.0
0.0
0.0
0.0
0.0
0.00244975793789879
0.0
0.0
0.0
0.0
0.0
0.0
0.0006436020335289657
0.0
0.0017912969892728149
0.0
0.0
0.0008513581844620797
0.000368264265174328
0.0
0.0
0.005389467463377339
0.0007449384114043197
0.0
0.0
0.0
0.0
0.0005994088571454488
0.0
0.0
