0.0005560882028120054
0.0005560882028120054
0.0005634737492556024
0.0005560882028120054
0.000628263413804156
0.0005560882028120054
0.0
0.0
0.0005253069184611588
0.0
0.0
0.0
0.0
0.0
0.0
0.0
0.0
0.0
0.0
0.0
0.0
0.0
0.0
0.0
0.0
0.0
0.0
0.0
0.0
0.0007899741501064305
0.0
0.0
0.0
0.0
0.0
0.0
0.0
0.0
0.0
0.0
0.0
0.0
0.0
0.0
0.0
0.0
0.0
0.0
0.0
0.0
0.0
0.0
0.0
0.0
0.0
0.0
0.0
0.0
0.0
0.0
0.0
0.0
0.0
0.0
0.0
0.0
0.00027497003394859744
0.00014506162490892418
0.0
0.0
0.0
0.0
0.0
0.0
0.0
0.0028507762808188575
0.0002940262531786266
0.0007374707556719541
0.0
0.0
0.0
0.0010172727772174484
0.0
0.0
0.002084527164876217
0.0
0.0003727371571303209
0.0
0.0
0.0
0.0
0.0
0.0008668826911624652
0.0
0.0008435630398212527
0.0005975529403870513
0.0
0.0
0.0
0.0
