0.000323991058892205
0.000323991058892205
0.0003282940651431171
0.000323991058892205
0.00036604216322577514
0.000323991058892205
0.00034671320411154284
0.0
0.0
0.0
0.0
0.0
0.0
0.004470387270033935
0.0
0.0
0.0
0.0
0.0
0.0
0.0
0.0
0.0
0.000404054234022298
0.0005081214067511365
0.00016440391368669402
0.0004627933957964647
0.0
0.0
0.00046025893032112803
0.00037994249853814634
0.0010125696467064818
0.00022292647394333678
0.0
0.0
0.0
0.001991546935465355
0.001991546935465355
0.0028980441612633783
0.0028980441612633783
0.0
0.0
0.0
0.0
0.0
0.0
0.0
0.0
0.0
0.0
0.0
0.0
0.0
0.0
0.0
0.0
0.0
0.0
0.0
0.0
0.0
0.0
0.0
0.0
0.0004327666358220287
0.0
0.00016020449995546697
8.451657348817173e-05
0.0
0.0
0.0
0.002271440018287513
0.0008628673580763653
0.00016869385924656358
0.0
0.0
0.0001713071355006889
0.00042966912411369115
0.0
0.0003195562002913991
0.0
0.0
0.0
0.000553644800241357
0.0
0.00029365227350327736
0.00021716609993963299
0.0005772203343175686
0.00024968294912845507
0.0
0.0
0.0
0.0005050677925278725
0.00039568399565272116
0.0004914811735475906
0.0
0.0
0.0004063988427303577
0.0
0.0
