0.0
0.0
0.0
0.0
0.0
0.0
0.0
0.0
0.000560488768114877
0.0
0.0
0.0
0.0
0.0
0.0
0.0
0.0
0.0
0.0
0.0
0.0
0.0
0.0
0.0
0.0
0.00030107632183948594
0.0
0.0
0.0
0.0008428817947664032
0.00069579663528185
0.0
0.0
0.0
0.0
0.0
0.0
0.0
0.0
0.0
0.0
0.0
0.0
0.0
0.0
0.0
0.0
0.0
0.0
0.0
0.0
0.0
0.0
0.0
0.0
0.0
0.0
0.0
0.0
0.0
0.0
0.0
0.0
0.0
0.0
0.0
0.00029338584773988796
0.00015477696673807845
0.0015178522260783553
0.0006333753733512149
0.0
0.0
0.0
0.0
0.0
0.0
0.00031371833616866126
0.0
0.0
0.0005852099457199438
0.0
0.0
0.0
0.001013901289356688
0.002224136065380711
0.0005377715434114089
0.0003977008158251814
0.0
0.0
0.0
0.0
0.0
0.0009249412002664978
0.0007246243678170679
0.0
0.0006375733874247937
0.0
0.0
0.0
0.0
