0.0005741923630660708
0.0005741923630660708
0.0005818183553880421
0.0005741923630660708
0.0
0.0005741923630660708
0.0
0.0
0.0
0.0
0.0
0.0
0.0
0.0
0.0
0.0
0.0
0.0
0.0
0.0
0.0
0.0
0.0
0.0
0.0
0.0
0.0
0.0
0.005319482106404956
0.0
0.0
0.0
0.0
0.0
0.006895624952747165
0.006895624952747165
0.003529514193823194
0.003529514193823194
0.0
0.0
0.0
0.0
0.0
0.0
0.0
0.0
0.0
0.0
0.008183818625238395
0.008183818625238395
0.0
0.0
0.0
0.0
0.0
0.0
0.0
0.0
0.0
0.0
0.0
0.0
0.0
0.0
0.0007669696136938145
0.0
0.0
0.0
0.0
0.0
0.0
0.0
0.0
0.0
0.0
0.0
0.0
0.0007614800561315889
0.0
0.0
0.0
0.0010503913891349703
0.0
0.0
0.0
0.0
0.0
0.0
0.0
0.0
0.0
0.0
0.0008951051621354494
0.0
0.0
0.0006170070380254298
0.0
0.0007202393567666285
0.0
0.0
