0.0
0.0
0.0
0.0
0.0
0.0
0.0005113768632742524
0.0004907274412418004
0.0
0.0
0.0
0.0
0.0
0.0
0.0
0.0
0.0
0.0
0.0
0.0
0.0
0.0
0.0
0.0
0.0007494422712072479
0.00024248386474506808
0.0
0.0
0.0
0.0
0.0
0.0
0.00032880040227501004
0.0013215112117023326
0.0
0.0
0.0
0.0
0.0
0.0
0.0
0.0
0.0
0.0
0.0
0.0
0.0
0.0
0.0
0.0
0.0
0.0
0.0
0.0
0.0
0.0
0.0
0.0
0.0
0.0
0.0
0.0
0.0
0.0
0.0
0.0006167052321277551
0.0
0.000124655824273611
0.0012224630340993965
0.0
0.0
0.0033502095042615893
0.0012726668548016303
0.0
0.0
0.0
0.00025266561691332816
0.0006337308366956994
0.0007796085009916905
0.00047132224964896875
0.0
0.0008741731428609223
0.0006436020335289657
0.0
0.0
0.0
0.0
0.0008513581844620797
0.000368264265174328
0.0
0.0
0.005389467463377339
0.0007449384114043197
0.0
0.0007248991325010456
0.0005134952429895559
0.0
0.0005994088571454488
0.0
0.0
