0.0
0.0
0.0
0.0
0.0
0.0
0.0
0.0
0.0007616587695270758
0.0
0.0
0.0
0.0
0.0
0.0
0.0
0.0
0.0
0.0
0.0
0.0
0.0
0.0
0.0010055360486160337
0.0012645193356235489
0.0
0.0
0.0
0.0
0.0011454079852800383
0.0
0.0
0.0005547785095812599
0.0
0.0
0.0
0.0
0.0
0.0
0.0
0.0
0.0
0.0
0.0
0.0
0.0
0.0
0.0
0.0
0.0
0.0
0.0
0.0
0.0
0.0
0.0
0.0
0.0
0.0
0.0
0.0
0.0
0.0
0.0
0.0
0.0
0.0
0.0
0.0
0.0
0.0
0.0
0.0
0.0
0.0
0.0
0.0
0.0
0.0
0.0
0.0
0.0014749753040348024
0.0
0.0013778096054817854
0.0
0.0007307879039557477
0.0
0.0
0.0
0.0
0.0
0.0
0.0
0.0
0.0012231081760943569
0.0
0.0
0.0
0.0
0.0
