0.00037123057835166735
0.00037123057835166735
0.00037616098447040044
0.00037123057835166735
0.0004194129443572409
0.00037123057835166735
0.0
0.00038122411727799883
0.00035068176265266757
0.0
0.0
0.0
0.004377146001110114
0.0
0.0
0.0
0.0
0.0
0.005801036868941115
0.0
0.0
0.0
0.0
0.0
0.0005822080533520103
0.0
0.0005302709913239125
0.0
0.0
0.0
0.0004353400181935918
0.0011602073737882232
0.0
0.0010266227294714553
0.0
0.0
0.0
0.0
0.0
0.0
0.0
0.0
0.0
0.0
0.0
0.0
0.004674621942933131
0.004674621942933131
0.0
0.0
0.0
0.0
0.0
0.0
0.0
0.0
0.0
0.0
0.0
0.0
0.0
0.0
0.0
0.0
0.000495866179322464
0.0
0.0
9.683951329889632e-05
0.0
0.0003962848231457716
0.0
0.0
0.000988677741523845
0.0
0.0006947850795412879
0.0
0.00019628457404081227
0.0004923170348896857
0.0
0.0
0.0
0.0006791058675911319
0.0
0.0
0.0
0.0
0.0
0.0006613819507171876
0.0002860879739287656
0.0
0.0
0.0
0.0005787092068775391
0.0
0.0005631415907860966
0.0
0.001106864506027845
0.00046565382990533126
0.0006743502242606618
0.0008160780680035806
