0.0
0.0
0.0
0.0
0.0
0.0
0.0008628362133338903
0.0
0.0007616587695270758
0.0
0.0
0.0
0.0
0.0
0.0
0.0
0.0
0.0
0.0
0.0
0.0
0.0
0.0
0.0010055360486160337
0.0
0.0004091382983414222
0.0
0.0
0.0
0.0
0.0
0.0
0.0
0.0
0.0
0.0
0.0
0.0
0.0
0.0
0.0
0.0
0.0
0.0
0.0
0.0
0.0
0.0
0.0
0.0
0.0
0.0
0.0
0.0
0.0
0.0
0.0
0.0
0.0
0.0
0.0
0.0
0.0
0.0
0.0
0.0
0.00039868756788435955
0.0
0.0
0.0
0.0
0.0
0.0
0.0
0.0
0.0
0.0
0.001069281687689852
0.0
0.0
0.0
0.0
0.0
0.0
0.0
0.0
0.0005404431475765762
0.0
0.0
0.0
0.0
0.0
0.0012569200607700421
0.0
0.0
0.0008664105141347763
0.0
0.0
0.0
0.0
