0.0006352418974127361
0.0006352418974127361
0.0006436787038627491
0.0006352418974127361
0.0007176905408922637
0.0006352418974127361
0.0006797926905481178
0.0
0.0
0.0
0.0
0.0
0.0
0.0
0.0
0.0
0.0
0.0
0.0
0.0
0.0
0.0
0.0
0.0
0.0009962620809483903
0.0
0.0
0.0
0.0
0.0
0.0
0.0
0.0
0.0
0.0
0.0
0.0
0.0
0.0
0.0
0.0
0.0
0.0
0.0
0.0
0.0
0.0
0.0
0.0
0.0
0.0
0.0
0.0
0.0
0.0
0.0
0.0
0.0
0.0
0.0
0.0
0.0
0.0
0.0
0.0
0.0
0.0
0.00016570972263562324
0.0016250665501860331
0.0
0.0
0.0
0.0
0.0
0.0
0.0
0.00033587800283094935
0.0
0.0
0.0
0.0
0.0
0.0
0.0
0.0
0.0
0.0
0.001131742776022416
0.0
0.0
0.0
0.007164423834298424
0.0
0.0
0.0009636359543208407
0.0
0.0018940430826306178
0.0
0.0
0.0
