0.0005560882028120054
0.0005560882028120054
0.0
0.0005560882028120054
0.0
0.0005560882028120054
0.0
0.0005710581148433658
0.0
0.0
0.0
0.0
0.0
0.0
0.0
0.0
0.0
0.0
0.0
0.0
0.0
0.0
0.0
0.0
0.0
0.0
0.0
0.0
0.0
0.0
0.0006521215181258327
0.0
0.000382624084375157
0.001537838803938531
0.0
0.0
0.0
0.0
0.0
0.0
0.0
0.0
0.0
0.0
0.0
0.0
0.007002392223758942
0.007002392223758942
0.007925784604913968
0.007925784604913968
0.00775533762416313
0.00775533762416313
0.0
0.0
0.0
0.0
0.0
0.0
0.0
0.0
0.0
0.0
0.0
0.0
0.0
0.0
0.00027497003394859744
0.0
0.0
0.0
0.0
0.0
0.0
0.0
0.0010407595945846624
0.0
0.0
0.0
0.0
0.0
0.000892631681989073
0.0
0.0
0.0009502587602729526
0.0
0.0
0.0003727371571303209
0.0
0.0
0.0
0.0
0.0
0.0
0.0
0.0
0.0
0.0
0.0
0.0
0.0
