0.0
0.0
0.0
0.0
0.0
0.0
0.0006797926905481178
0.0
0.0
0.0
0.0
0.0
0.0
0.0
0.0
0.0
0.0
0.0
0.0
0.0
0.0
0.0
0.0007409251267484881
0.0007922199432156911
0.0
0.0
0.0009073884812162102
0.0
0.005885062435316562
0.0
0.0
0.0
0.0004370868652224502
0.0
0.007628784638373322
0.007628784638373322
0.0
0.0
0.0
0.0
0.0
0.0
0.0
0.0
0.0
0.0
0.0
0.0
0.0
0.0
0.0
0.0
0.0
0.0
0.0
0.0
0.0
0.0
0.0
0.0
0.0
0.0
0.0
0.0
0.0008485156961321512
0.0
0.00031410931793531026
0.00016570972263562324
0.0
0.0
0.0
0.004453560761861183
0.0
0.0
0.0
0.0
0.0
0.0
0.0
0.0
0.0
0.0
0.0
0.0
0.0
0.0005757573311979866
0.0004257926309789761
0.0
0.0004895476773287694
0.0
0.0
0.0
0.0
0.0
0.0
0.0
0.0
0.0
0.0
0.0
