0.0
0.0
0.0005818183553880421
0.0
0.0
0.0
0.0006144616294527178
0.0
0.0
0.0
0.0
0.0
0.0
0.0
0.0
0.0
0.0
0.0
0.0
0.0
0.0
0.004207499971167762
0.0006697189702308398
0.0
0.0
0.0
0.0
0.0
0.0
0.0
0.0006733521653677159
0.0
0.0003950808991494397
0.0
0.0
0.0
0.0
0.0
0.0
0.0
0.0
0.0
0.0
0.0
0.0
0.0
0.0
0.0
0.0
0.0
0.0
0.0
0.0
0.0
0.0
0.0
0.0
0.0
0.0
0.0
0.0
0.0
0.0
0.0
0.0
0.0007410223829817849
0.0002839220338912291
0.0
0.0
0.0006129444402441925
0.0
0.0
0.0015292145685763736
0.0
0.0
0.0
0.00030359865262808556
0.0
0.0
0.0005663326957389307
0.0
0.0010503913891349703
0.0007733411161959438
0.0
0.0
0.0
0.0
0.0010229773281547993
0.00044249999696773255
0.0
0.0
0.0
0.0
0.0
0.0008710263098206946
0.0
0.0
0.0
0.0010430357071382268
0.0
