0.0
0.0
0.0
0.0
0.0
0.0
0.0
0.0
0.0
0.0
0.0
0.0
0.0
0.0
0.0
0.0
0.0
0.0
0.0
0.0
0.0
0.0
0.0
0.0
0.0
0.0003602577284633706
0.0
0.0
0.0
0.0010085638049861722
0.0
0.0
0.0004884980127068304
0.0019633662131180707
0.0
0.0
0.0
0.0
0.0
0.0
0.0
0.0
0.0
0.0
0.0
0.0
0.0
0.0
0.0
0.0
0.0
0.0
0.0
0.0
0.0
0.0
0.0
0.0
0.0
0.0
0.0
0.0
0.0
0.0
0.0
0.0009162375661217663
0.0
0.00018520087569436346
0.0
0.0
0.0
0.0
0.0
0.0003696582713578383
0.0
0.0
0.0
0.0
0.0
0.0
0.0
0.001298757057760755
0.0009561980830242733
0.0
0.0
0.0
0.0
0.0
0.0005471293844042633
0.0
0.0
0.0
0.0
0.0
0.0
0.0
0.002116824721729598
0.0008905403809984287
0.0
0.0
