0.0
0.0
0.0
0.0
0.0
0.0
0.0
0.0
0.0007283321194464676
0.0
0.0
0.0
0.0
0.0
0.0
0.0
0.011764705882352941
0.0
0.0
0.0
0.0
0.0
0.0
0.0
0.0
0.0
0.0011013215859030838
0.0
0.0
0.0
0.0
0.0024096385542168677
0.0005305039787798408
0.0
0.0
0.0
0.004739336492890996
0.004739336492890996
0.0
0.0
0.0
0.0
0.0
0.0
0.0
0.0
0.0
0.0
0.0
0.0
0.0
0.0
0.0
0.0
0.0
0.0
0.0
0.0
0.0
0.0
0.0
0.0
0.0
0.0
0.0
0.0
0.0
0.0
0.0
0.0
0.0
0.0
0.002053388090349076
0.0
0.0
0.0
0.00040766408479412964
0.0
0.0
0.0
0.0
0.0
0.0
0.0
0.0
0.0
0.0005167958656330749
0.0
0.0
0.0
0.0
0.0
0.0
0.0
0.0
0.0
0.0
0.0
0.0
0.0
