0.0
0.0
0.0
0.0
0.0
0.0
0.0
0.0
0.0
0.0
0.0
0.0
0.0
0.0
0.0
0.0
0.0
0.0
0.0
0.0
0.0
0.0
0.0
0.0
0.0012091898428053204
0.0
0.0
0.0
0.0
0.001095290251916758
0.0
0.0
0.0005305039787798408
0.0
0.0
0.0
0.004739336492890996
0.004739336492890996
0.0
0.0
0.0
0.0
0.0
0.0
0.0
0.0
0.0
0.0
0.0
0.0
0.0
0.0
0.0
0.0
0.0
0.0
0.0
0.0
0.0
0.0
0.0
0.0
0.0
0.0
0.0010298661174047373
0.0
0.0
0.0
0.0
0.0
0.0
0.0
0.0
0.0
0.0
0.003952569169960474
0.0
0.0
0.0
0.0007604562737642585
0.0
0.0
0.0010384215991692627
0.0
0.0
0.0
0.0005167958656330749
0.0
0.0
0.0
0.0
0.0
0.0
0.0
0.0
0.0
0.0
0.0
0.0
0.0
