0.0
0.0
0.0
0.0
0.0
0.0
0.0
0.0
0.0
0.0
0.0
0.0
0.0
0.0
0.0
0.0
0.0
0.0
0.0
0.0
0.0
0.0
0.0
0.0
0.0
0.0
0.0
0.0
0.0
0.0
0.0
0.001985322267335708
0.0
0.0
0.0
0.0
0.0
0.0
0.005682129247891853
0.005682129247891853
0.0
0.0
0.0
0.0
0.009053942208179329
0.009053942208179329
0.0
0.0
0.0
0.0
0.0
0.0
0.0
0.0
0.0
0.0
0.0
0.0
0.0
0.0
0.0
0.0
0.0
0.0
0.0008485156961321512
0.0008198096924819092
0.0
0.00016570972263562324
0.0
0.0
0.0
0.0
0.0016918043961895663
0.0003307542115392689
0.0
0.0
0.0
0.0
0.0
0.0006265465710603185
0.0
0.0
0.0
0.0010855187627724886
0.0
0.0
0.0
0.0
0.0
0.0
0.0
0.0
0.0
0.0007758086072922022
0.0
0.0006826087331767346
0.0
0.0
0.0
0.001396455493125964
