0.0
0.0
0.0006670874721263766
0.0
0.0
0.0
0.0
0.0
0.0
0.0031392351629476547
0.0
0.0
0.0
0.0
0.0
0.0
0.0
0.0
0.0
0.0
0.0
0.0
0.0
0.0
0.0
0.0
0.0
0.0
0.0
0.0009352376389066397
0.0
0.0
0.0
0.0
0.0
0.0
0.004046786560766645
0.004046786560766645
0.0
0.0
0.0
0.0
0.0
0.0
0.0
0.0
0.0
0.0
0.0
0.0
0.0
0.0
0.0
0.0
0.0
0.0
0.0
0.0
0.0
0.0
0.0
0.0
0.0
0.0
0.0
0.0008496238450962806
0.0003255325826617469
0.0
0.0
0.0
0.0
0.0
0.0017533305222212773
0.0003427828038224657
0.0012321384766547793
0.0
0.0
0.0
0.0
0.0006493322922598951
0.0
0.0
0.0
0.0
0.0
0.0
0.0
0.0
0.0005073511374460856
0.0
0.0
0.0
0.0
0.0
0.0009986806600254527
0.0
0.0019629240559120966
0.0
0.0
0.0
