0.0
0.0
0.0
0.0
0.0008021069285299436
0.0
0.0007597514471554251
0.0
0.0
0.0
0.0
0.0
0.0
0.0
0.0
0.0
0.0
0.0
0.0
0.0
0.0
0.0
0.0
0.0
0.0
0.0003602577284633706
0.0
0.0
0.006577276813945537
0.0010085638049861722
0.0
0.0
0.0
0.0
0.0
0.0
0.0
0.0
0.0
0.0
0.0
0.0
0.0
0.0
0.0
0.0
0.0
0.0
0.0
0.0
0.0
0.0
0.0
0.0
0.0
0.0
0.0
0.0
0.0
0.0
0.0
0.0
0.0
0.0
0.0
0.0
0.0
0.00018520087569436346
0.0018162105600638566
0.0
0.0
0.0
0.0
0.0
0.0
0.0
0.0
0.0
0.0
0.0
0.0
0.0
0.0009561980830242733
0.0
0.0
0.0
0.0004758753250399872
0.0
0.0
0.0
0.0
0.0
0.0011067533100389125
0.0
0.0
0.0007628987190989024
0.0
0.0
0.001289662120381478
0.0
