0.0005069987040692319
0.0005069987040692319
0.0
0.0005069987040692319
0.0005728025428377995
0.0005069987040692319
0.0005425555438760676
0.0005206471252397417
0.0004789346825766889
0.0
0.0
0.0
0.0
0.0
0.0
0.0
0.0
0.0
0.0
0.0
0.0
0.0
0.0005913465100519729
0.0
0.0
0.0002572681217440508
0.0
0.0
0.0
0.0
0.0
0.0
0.00034884738417920093
0.0
0.0
0.0
0.0
0.0
0.0
0.0
0.0
0.0
0.005177774166754282
0.005177774166754282
0.0
0.0
0.0
0.0
0.0
0.0
0.0
0.0
0.0
0.0
0.0
0.0
0.0
0.0
0.0
0.0
0.0
0.0
0.0
0.0
0.0006772166005950503
0.0
0.0002506966523743019
0.00013225609798427068
0.0
0.000541215900557855
0.0
0.0
0.0
0.0002639812602078659
0.0
0.0
0.0
0.0
0.0
0.0005000587978538356
0.0
0.0
0.0
0.0
0.0
0.0
0.0
0.0
0.0
0.0008826541197017367
0.0
0.0
0.0
0.0006191876828416138
0.0
0.0
0.0
0.0006359548541371313
0.0
0.0
