0.0
0.0
0.0007193896515252932
0.0
0.0
0.0
0.0
0.0
0.0
0.0
0.0
0.0
0.0
0.0
0.0
0.0
0.0
0.0
0.0
0.008148838530551993
0.0
0.0
0.0
0.0
0.0
0.0
0.0010141175704321314
0.0
0.0
0.0
0.0
0.0
0.0
0.0
0.0
0.0
0.0
0.0
0.0
0.0
0.0
0.0
0.0
0.0
0.0
0.0
0.0
0.0
0.0
0.0
0.0
0.0
0.0
0.0
0.0
0.0
0.0
0.0
0.006820879658906483
0.006820879658906483
0.0
0.0
0.0
0.0
0.0
0.0
0.0003510555676524496
0.00018520087569436346
0.0
0.0
0.0
0.0
0.0
0.0
0.0
0.0
0.0
0.0009415324682539625
0.0
0.0
0.0
0.001298757057760755
0.0
0.0
0.0
0.0
0.0004758753250399872
0.0
0.0
0.0012359983274528527
0.0
0.0
0.0
0.0
0.0
0.0007628987190989024
0.0
0.0
0.0
0.0
