0.0007710100231303007
0.0007710100231303007
0.0
0.0007710100231303007
0.0008710801393728223
0.0007710100231303007
0.0
0.0
0.0
0.0
0.0
0.0
0.0
0.0
0.0
0.0
0.0
0.0
0.0
0.0
0.0
0.0
0.0
0.0
0.0
0.0
0.0
0.0
0.0
0.0
0.0
0.0
0.0
0.0
0.0
0.0
0.0
0.0
0.0
0.0
0.0
0.0
0.0
0.0
0.0
0.0
0.0
0.0
0.0
0.0
0.0
0.0
0.0
0.0
0.0
0.0
0.0
0.0
0.0
0.0
0.0
0.0
0.0
0.0
0.0
0.0
0.0
0.00020112630732099757
0.0
0.0008230452674897119
0.0
0.0
0.0
0.0
0.0
0.0
0.0
0.0010224948875255625
0.0012578616352201257
0.0
0.0
0.0
0.0
0.0
0.0
0.0
0.0
0.0
0.0
0.0
0.0
0.0
0.0
0.0
0.0011695906432748538
0.0
0.0
0.0
0.0
0.0
