0.00037123057835166735
0.00037123057835166735
0.00037616098447040044
0.00037123057835166735
0.0004194129443572409
0.00037123057835166735
0.0
0.00038122411727799883
0.0
0.0
0.0
0.0
0.0
0.0
0.0053498451124679176
0.0
0.0
0.0
0.0
0.0
0.0
0.0
0.0
0.0
0.0
0.0001883748279037999
0.0005302709913239125
0.0
0.0
0.0
0.0
0.0011602073737882232
0.00025543027062181035
0.0
0.0
0.0
0.0
0.0
0.0
0.0
0.0
0.0
0.0
0.0
0.0
0.0
0.0
0.0
0.0
0.0
0.0
0.0
0.0
0.0
0.0
0.0
0.0
0.0
0.0
0.0
0.0
0.0
0.0
0.0
0.000495866179322464
0.0
0.0001835631186130814
9.683951329889632e-05
0.000949676647183654
0.0
0.0
0.0
0.0
0.00019329026901730733
0.0006947850795412879
0.0019031069570043973
0.00019628457404081227
0.0004923170348896857
0.0
0.0003661490951498954
0.0005958985892600403
0.0
0.0004999855245297119
0.0
0.0
0.00033646824606716456
0.00024883000523106587
0.0006613819507171876
0.0002860879739287656
0.0
0.0
0.0
0.0005787092068775391
0.0
0.0005631415907860966
0.0003989114002668703
0.001106864506027845
0.00046565382990533126
0.0
0.0
