0.0005741923630660708
0.0005741923630660708
0.0005818183553880421
0.0005741923630660708
0.0006487173300493849
0.0005741923630660708
0.0
0.0
0.0005424089547681675
0.0
0.0
0.0
0.0
0.0
0.0
0.0
0.0
0.0
0.0
0.0
0.0
0.0
0.0
0.0007160841297083596
0.0
0.0002913644346231197
0.0
0.0
0.0
0.0
0.0
0.0
0.0
0.0
0.0
0.0
0.0
0.0
0.0
0.0
0.0
0.0
0.0
0.0
0.0
0.0
0.0
0.0
0.0
0.0
0.0
0.0
0.0
0.0
0.0
0.0
0.0
0.0
0.0
0.0
0.0
0.0
0.0
0.0
0.0
0.0
0.0002839220338912291
0.0001497842910089891
0.0
0.0
0.0
0.0
0.0
0.00029896728016727976
0.0
0.0029435869363505685
0.0
0.0
0.0009367641445241432
0.0
0.0
0.0010503913891349703
0.0007733411161959438
0.0
0.00215239160374767
0.0
0.0
0.0
0.0
0.0
0.0
0.0
0.0
0.0
0.0008710263098206946
0.0
0.0
0.0
0.0
0.0
