0.0
0.0
0.0008169980395005274
0.0
0.0
0.0
0.0
0.0
0.0
0.0
0.0
0.0
0.0
0.0
0.0
0.0
0.0
0.0
0.0
0.0
0.0
0.0
0.0
0.0010055360486160337
0.0
0.0
0.0
0.0
0.0
0.0
0.0
0.0
0.0005547785095812599
0.0
0.0
0.0
0.0
0.0
0.0
0.0
0.0
0.0
0.0
0.0
0.0
0.0
0.0
0.0
0.0
0.0
0.0
0.0
0.0
0.0
0.0
0.0
0.0
0.0
0.0
0.0
0.0
0.0
0.0
0.0
0.0
0.0
0.00039868756788435955
0.0
0.0
0.0008607057535478807
0.0
0.0
0.0
0.0
0.0
0.0041334288164453555
0.00042631777030602324
0.0
0.0
0.0
0.0
0.0
0.0
0.0
0.0
0.0
0.0
0.0
0.0
0.0
0.0
0.0
0.0
0.0
0.0012231081760943569
0.0
0.0
0.0
0.0
0.001772470322984195
