0.0
0.0
0.0
0.0
0.0
0.0
0.0
0.0008684956555883265
0.0
0.0
0.0
0.0
0.0
0.0
0.0
0.0
0.0
0.0
0.0
0.0
0.0
0.0
0.0
0.0
0.0
0.0
0.0
0.0
0.0
0.0012014348444776084
0.0
0.0
0.0005819151262642209
0.0023388273198466022
0.0
0.0
0.0
0.0
0.0
0.0
0.0
0.0
0.0
0.0
0.0
0.0
0.0
0.0
0.0
0.0
0.0
0.0
0.0
0.0
0.0
0.0
0.0
0.0
0.0
0.0
0.0
0.0
0.0
0.0
0.0
0.0010914527492617476
0.00041818910141367
0.0
0.0
0.0009028065950683592
0.0
0.0
0.0
0.0
0.0
0.0
0.0
0.0
0.0
0.000834152101146811
0.0
0.0
0.0
0.0
0.0
0.0
0.0
0.0
0.0
0.0
0.0
0.0
0.0
0.0
0.0
0.0
0.0
0.0
0.0
0.0
