0.0
0.0
0.0
0.0
0.0
0.0
0.0008250825082508251
0.0
0.0
0.0
0.0
0.0
0.0
0.0
0.0
0.0
0.0
0.0
0.0
0.0
0.0
0.0
0.0
0.0
0.0
0.0
0.0011013215859030838
0.0
0.0
0.0
0.0
0.0
0.0
0.0
0.0
0.0
0.0
0.0
0.0
0.0
0.0
0.0
0.0
0.0
0.0
0.0
0.0
0.0
0.0
0.0
0.0
0.0
0.0
0.0
0.0
0.0
0.0
0.0
0.0
0.0
0.0
0.0
0.0
0.0
0.0
0.0
0.0003812428516965307
0.00020112630732099757
0.0
0.0008230452674897119
0.0
0.0
0.0
0.0004014452027298274
0.0
0.0
0.00040766408479412964
0.0
0.0
0.0
0.0012376237623762376
0.0
0.0
0.0
0.0
0.0
0.0
0.0
0.0005941770647653001
0.0
0.0
0.0
0.0
0.0009416195856873823
0.0
0.0
0.0
0.0
0.0
0.0
