0.0006352418974127361
0.0006352418974127361
0.0
0.0006352418974127361
0.0007176905408922637
0.0006352418974127361
0.0
0.0
0.0
0.0
0.0
0.0
0.0
0.0
0.0
0.0
0.0
0.0
0.0
0.0
0.0
0.0
0.0
0.0
0.0009962620809483903
0.0
0.0
0.0
0.0
0.0
0.0007449446120653876
0.0
0.0004370868652224502
0.0
0.0
0.0
0.0
0.0
0.0
0.0
0.0
0.0
0.0
0.0
0.0
0.0
0.0
0.0
0.0
0.0
0.0
0.0
0.0
0.0
0.0
0.0
0.0
0.0
0.0
0.0
0.0
0.0
0.0
0.0
0.0
0.0
0.0
0.00016570972263562324
0.0
0.0
0.0
0.0
0.0
0.0003307542115392689
0.0
0.0032565562883174652
0.0
0.000842442475403189
0.0
0.0
0.0
0.0
0.0008555646323409333
0.0
0.0
0.0005757573311979866
0.0
0.0
0.0004895476773287694
0.0
0.0
0.0
0.0
0.0
0.0
0.0
0.0
0.0
0.0
0.0
