0.0
0.0
0.0
0.0
0.0
0.0
0.0
0.0
0.0
0.0
0.0
0.0
0.0
0.0
0.0
0.0
0.0
0.0
0.0
0.0
0.0
0.0
0.0007678704715123759
0.0
0.0
0.0003340657137409085
0.0
0.0
0.0
0.0009352376389066397
0.0007720361341064756
0.0
0.00045298247444125304
0.0
0.0
0.0
0.0
0.0
0.0
0.0
0.0
0.0
0.0
0.0
0.0
0.0
0.0
0.0
0.0
0.0
0.0
0.0
0.0
0.0
0.0
0.0
0.0
0.0
0.0
0.0
0.0
0.0
0.0
0.0
0.0
0.0
0.0003255325826617469
0.0001717361151089626
0.0
0.0
0.0
0.0
0.0
0.0003427828038224657
0.0
0.0
0.00034809293286659684
0.0
0.0
0.0
0.0
0.0
0.0008866790906768038
0.0
0.0
0.0
0.0
0.0
0.0
0.0011461368648614256
0.0
0.0
0.0
0.0008040225652747289
0.0
0.0007074332761572179
0.0
0.0008257949364813946
0.0
0.0
