0.0006136314705813995
0.0006136314705813995
0.0006217812635500588
0.0006136314705813995
0.0006932752764321213
0.0006136314705813995
0.0006566666809769598
0.0
0.0
0.0
0.0
0.0
0.0
0.0
0.0
0.0
0.0
0.0
0.0
0.0
0.0
0.0
0.0
0.0
0.0
0.0
0.0
0.0
0.0
0.0
0.0
0.001917783174323073
0.0
0.0
0.0
0.0
0.0
0.0
0.0
0.0
0.0
0.0
0.0
0.0
0.0
0.0
0.0
0.0
0.0
0.0
0.0
0.0
0.0
0.0
0.0
0.0
0.0
0.0
0.0
0.0
0.0
0.0
0.0
0.0
0.0
0.0007919204152677364
0.0003034235674205395
0.00016007240895898534
0.0
0.0
0.0
0.0
0.0
0.0003195022149113108
0.001148456013483514
0.0
0.0
0.0
0.0
0.0
0.0
0.001122538811486707
0.0
0.0
0.0
0.0
0.0
0.0
0.00047289365261085875
0.0
0.0
0.0
0.0
0.0
0.0
0.0006593869240630283
0.0
0.0
0.0
0.0
