0.000658343842962037
0.000658343842962037
0.0
0.000658343842962037
0.000743790909687946
0.000658343842962037
0.0
0.0
0.0
0.0
0.0
0.0
0.0
0.0
0.0
0.0
0.0
0.0
0.0
0.007556389064794354
0.0
0.0
0.0
0.0
0.0
0.0003340657137409085
0.0
0.0
0.0
0.0
0.0
0.0
0.00045298247444125304
0.0
0.0
0.0
0.0
0.0
0.0
0.0
0.0
0.0
0.0
0.0
0.0
0.0
0.0
0.0
0.0
0.0
0.0
0.0
0.0
0.0
0.0
0.0
0.0
0.0
0.0
0.0
0.0
0.0
0.0
0.0
0.0
0.0008496238450962806
0.0
0.0
0.0
0.0
0.0
0.0
0.0
0.0
0.0
0.0
0.00034809293286659684
0.0
0.0
0.0006493322922598951
0.0010567722330714878
0.0012043328128656728
0.0
0.0
0.0
0.0005966959918391069
0.0
0.0
0.0
0.0
0.0
0.0
0.0
0.0
0.0
0.0
0.0
0.0
0.0
0.0
