0.0006352418974127361
0.0006352418974127361
0.0
0.0006352418974127361
0.0007176905408922637
0.0006352418974127361
0.0006797926905481178
0.0
0.0
0.0
0.0
0.0
0.0
0.0
0.0
0.0
0.0
0.0
0.0
0.0
0.0
0.0
0.0007409251267484881
0.0
0.0
0.0003223430128890136
0.0
0.0
0.0
0.0
0.0
0.0
0.0004370868652224502
0.0
0.0
0.0
0.0
0.0
0.0
0.0
0.0
0.0
0.0
0.0
0.0
0.0
0.0
0.0
0.0
0.0
0.0
0.0
0.0
0.0
0.0
0.0
0.0
0.0
0.0
0.0
0.0
0.0
0.0
0.0
0.0
0.0
0.00031410931793531026
0.0
0.0
0.0
0.0
0.0
0.0016918043961895663
0.0003307542115392689
0.0
0.0
0.0
0.0
0.0
0.0
0.0
0.0
0.0
0.0
0.0
0.0
0.0004257926309789761
0.0
0.0004895476773287694
0.0011059177730796223
0.0
0.0
0.0
0.0
0.0
0.0
0.0
0.0
0.0
0.0
