0.0
0.0
0.0
0.0
0.0010060121602663268
0.0
0.0
0.0009144116864495196
0.0
0.0
0.0
0.0
0.0
0.0
0.0
0.012030228749851492
0.0
0.0
0.013914481445611367
0.0
0.0
0.0
0.0
0.0
0.0
0.0
0.0
0.0
0.0
0.0
0.0
0.0
0.0
0.0
0.0
0.0
0.0
0.0
0.0
0.0
0.0
0.0
0.0
0.0
0.0
0.0
0.0
0.0
0.0
0.0
0.0
0.0
0.0
0.0
0.0
0.0
0.0
0.0
0.0
0.0
0.0
0.0
0.0
0.0
0.0
0.0
0.0
0.0
0.0
0.0
0.0
0.0
0.0
0.0
0.0
0.0
0.0
0.0011808813496786742
0.0
0.0
0.0
0.0
0.0
0.0
0.0
0.0
0.000596848558132167
0.0
0.0
0.0
0.0
0.0
0.001388103317290557
0.0
0.0
0.0
0.0
0.0
0.0
0.0
