0.0005389128792105002
0.0005389128792105002
0.0005460703158875148
0.0005389128792105002
0.0
0.0005389128792105002
0.0
0.0
0.0
0.0
0.0
0.0
0.0
0.0
0.0
0.0
0.0
0.0
0.0
0.0
0.0
0.0
0.0
0.0
0.0
0.000273462443010962
0.0007697907536740297
0.0
0.0
0.0
0.0
0.0
0.0003708063683480206
0.0
0.0
0.0
0.0
0.0
0.0
0.0
0.0
0.0
0.0
0.0
0.0
0.0
0.0
0.0
0.0
0.0
0.0075158064982367625
0.0075158064982367625
0.0
0.0
0.0
0.0
0.0067861165469516385
0.0067861165469516385
0.0
0.0
0.0
0.0
0.0
0.0
0.0007198455245479081
0.0
0.0
0.00014058125590024514
0.0
0.0
0.0
0.0
0.0
0.0
0.0
0.0
0.0
0.0
0.0008792075526239231
0.0005315361249703565
0.0
0.000985853320643186
0.0
0.0009209090966218957
0.0
0.0004884486403466239
0.0
0.0
0.0
0.0
0.0
0.0
0.0
0.0
0.0
0.0
0.0
0.0
0.0
0.0011846949226034219
