0.0005389128792105002
0.0005389128792105002
0.0
0.0005389128792105002
0.0006088588887944415
0.0005389128792105002
0.0005767079243696525
0.0005534204309865549
0.0005090823046875593
0.002569742663000069
0.0
0.0
0.0
0.0
0.0
0.0
0.0
0.0
0.0
0.0
0.0
0.0
0.0
0.0
0.0
0.000273462443010962
0.0
0.0
0.00499264288811442
0.0007655750321314555
0.0
0.0
0.0
0.0
0.0
0.0
0.0
0.0
0.0
0.0
0.0
0.0
0.0
0.0
0.0
0.0
0.0
0.0
0.0
0.0
0.0
0.0
0.0
0.0
0.0
0.0
0.0
0.0
0.0
0.0
0.0
0.0
0.0
0.0
0.0
0.0
0.0
0.00014058125590024514
0.0
0.0
0.0
0.0037782162396541564
0.0
0.0002805981550927414
0.0
0.0
0.0
0.0
0.0
0.0
0.0
0.0
0.0
0.0
0.0
0.0
0.000361224808442387
0.0
0.00041531194553536476
0.0
0.0
0.0
0.0
0.0006581638458907898
0.0
0.0005790969381408606
0.0
0.0006759864645416044
0.0
0.0
