0.0004144965320748218
0.0004144965320748218
0.00042000156414144057
0.0004144965320748218
0.0
0.0004144965320748218
0.0
0.0
0.0
0.0
0.0
0.0
0.0
0.0
0.0
0.0
0.0
0.004800017875902177
0.0
0.0
0.0
0.0
0.000483455037860651
0.0
0.0006500628804123868
0.00021032942179227072
0.0
0.0
0.0
0.0005888302323122059
0.0
0.0
0.00028520000111461214
0.0
0.0
0.0
0.0
0.0
0.0
0.0
0.0
0.0
0.0
0.0
0.0
0.0
0.005219436913602367
0.005219436913602367
0.0
0.0
0.0
0.0
0.0
0.0
0.0
0.0
0.0
0.0
0.0
0.0
0.0
0.0
0.0
0.0
0.0
0.0005349273652746706
0.00020495692035876626
0.00010812590549095815
0.0
0.0
0.0
0.0
0.0
0.00021581774472141467
0.0007757604647922712
0.0
0.0
0.0005496952986718241
0.0
0.0004088228152859649
0.000665349012501292
0.0007582538816657883
0.0005582575307383634
0.0
0.0
0.0003756827408113514
0.00027783049204188316
0.0007384642886003351
0.00031943077962034695
0.0
0.0
0.0
0.0
0.0
0.0
0.0
0.0
0.0005199245668288626
0.0007529439805336749
0.0
