0.0007099604887836355
0.0007099604887836355
0.0007193896515252932
0.0007099604887836355
0.0
0.0007099604887836355
0.0007597514471554251
0.0
0.0006706618746921888
0.0
0.0
0.0
0.0
0.0
0.0
0.0
0.0
0.0
0.0
0.0
0.0
0.0
0.0
0.0
0.0
0.0
0.0
0.0
0.0
0.0
0.0
0.0
0.0
0.0
0.0
0.0
0.0
0.0
0.0
0.0
0.0
0.0
0.0
0.0
0.0
0.0
0.0
0.0
0.0
0.0
0.0
0.0
0.0
0.0
0.0
0.0
0.0
0.0
0.0
0.0
0.0
0.0
0.0
0.0
0.0
0.0
0.0
0.0
0.0
0.0
0.0
0.0
0.0018907982627358836
0.0
0.0
0.0
0.0
0.0
0.0011582625835878933
0.0
0.0
0.001298757057760755
0.0
0.0
0.0
0.0
0.0
0.0
0.0
0.0
0.0
0.008007119599585872
0.0011067533100389125
0.0
0.0
0.0
0.0
0.0
0.0
0.0
