0.0006831585564326624
0.0006831585564326624
0.0
0.0006831585564326624
0.0
0.0006831585564326624
0.0
0.0
0.0
0.0
0.0
0.0
0.0
0.0
0.0
0.0
0.0
0.0
0.0
0.0
0.0
0.0
0.0
0.0
0.0010714106985407052
0.0
0.0
0.0
0.0
0.0
0.0
0.0
0.00047005657702555077
0.0
0.0
0.0
0.0
0.0
0.0
0.0
0.0
0.0
0.0
0.0
0.0
0.0
0.0
0.0
0.0
0.0
0.0
0.0
0.0
0.0
0.0
0.0
0.0
0.0
0.0
0.0
0.0
0.0
0.0
0.0
0.0
0.000881648405664839
0.0003378027631312098
0.00017820930162774803
0.0
0.0
0.0
0.0
0.0
0.0
0.0
0.0
0.0
0.0
0.0
0.0006738073366487934
0.0010966047619964893
0.0
0.0
0.0
0.0
0.0
0.0
0.0
0.0
0.0
0.0
0.0
0.0
0.0
0.0
0.0007340982996629356
0.0
0.0
0.0
0.001501790928293497
