0.0
0.0
0.0006436787038627491
0.0
0.0
0.0
0.0
0.0006523426294095952
0.0
0.0
0.0
0.0
0.0
0.0
0.0
0.0
0.0
0.0
0.0
0.0
0.0
0.0
0.0007409251267484881
0.0
0.0
0.0003223430128890136
0.0
0.0
0.0
0.0
0.0
0.0
0.0
0.0
0.0
0.0
0.0
0.0
0.0
0.0
0.0
0.0
0.0
0.0
0.0
0.0
0.007999113989750667
0.007999113989750667
0.0
0.0
0.0
0.0
0.0
0.0
0.0
0.0
0.0
0.0
0.0
0.0
0.0
0.0
0.0
0.0
0.0
0.0
0.00031410931793531026
0.0
0.0
0.0
0.0
0.0
0.0
0.0003307542115392689
0.001188901502084154
0.0
0.0
0.0
0.0
0.0
0.0
0.0011620715669172338
0.0008555646323409333
0.0
0.0
0.0
0.0
0.0
0.0
0.0011059177730796223
0.0
0.0
0.0
0.0007758086072922022
0.0
0.0006826087331767346
0.0
0.0007968169641627841
0.0
0.0
