0.0
0.0
0.0007193896515252932
0.0
0.0
0.0
0.0
0.0
0.0006706618746921888
0.0
0.0
0.0
0.0
0.0
0.0
0.0
0.0
0.0
0.0
0.0
0.0
0.0
0.0
0.00088540264803113
0.0
0.0
0.0
0.0
0.0
0.0010085638049861722
0.0
0.0
0.0
0.0
0.0
0.0
0.0
0.0
0.0
0.0
0.0
0.0
0.0
0.0
0.0
0.0
0.0
0.0
0.0
0.0
0.0
0.0
0.0
0.0
0.0
0.0
0.0
0.0
0.0
0.0
0.007547694704527666
0.007547694704527666
0.0
0.0
0.0009483200349664009
0.0
0.0003510555676524496
0.00018520087569436346
0.0
0.0
0.0
0.0
0.0
0.0
0.0
0.0
0.0
0.0
0.0
0.0
0.0
0.0
0.0
0.0
0.0
0.0
0.0
0.0
0.0005471293844042633
0.0
0.0
0.0
0.0
0.0
0.0
0.0007628987190989024
0.0
0.0008905403809984287
0.0
0.0
