0.0
0.0
0.0
0.0
0.0
0.0
0.0
0.0
0.0
0.0
0.0
0.0
0.0
0.0
0.0
0.0
0.0
0.0
0.0
0.0
0.0
0.0
0.0008620569378073517
0.000921737802732476
0.0
0.0
0.0
0.0
0.0
0.0010499532473622947
0.0
0.0
0.0005085449946110211
0.0
0.0
0.0
0.0
0.0
0.0
0.0
0.0
0.0
0.0
0.0
0.0
0.0
0.0
0.0
0.0
0.0
0.0
0.0
0.0
0.0
0.0
0.0
0.0
0.0
0.0
0.0
0.0
0.0
0.0
0.0
0.0
0.0
0.00036546218636743233
0.00019280114940502312
0.0
0.0
0.0
0.0
0.0
0.0
0.0
0.0
0.00039078977368193026
0.0
0.0
0.0
0.0
0.0013520554511167488
0.0
0.0
0.0
0.0
0.0004954042970758527
0.0
0.0005695824805952317
0.0
0.0
0.0
0.0
0.0
0.0
0.0
0.0
0.0009270863779901113
0.0
0.0
