0.0006136314705813995
0.0006136314705813995
0.0006217812635500588
0.0006136314705813995
0.0006932752764321213
0.0006136314705813995
0.0
0.0
0.0
0.0
0.0
0.0
0.0
0.0
0.0
0.0
0.0
0.0
0.0
0.0
0.0
0.0
0.0
0.0
0.0
0.0003113771585853189
0.0008765198428899507
0.0
0.0
0.0
0.0
0.0
0.0004222175158324006
0.0
0.0
0.0
0.0
0.0
0.0
0.0
0.0
0.0
0.0
0.0
0.0
0.0
0.0
0.0
0.0
0.0
0.0
0.0
0.0
0.0
0.0
0.0
0.0
0.0
0.0
0.0
0.0
0.0
0.0
0.0
0.0
0.0007919204152677364
0.0003034235674205395
0.0
0.0
0.0
0.0
0.0
0.0
0.0003195022149113108
0.0
0.0
0.0
0.0
0.0
0.0
0.0
0.0
0.0008264590003572951
0.0
0.0
0.0
0.000411307502503398
0.0010932417820660374
0.0
0.0
0.0
0.0
0.0
0.0
0.0
0.0
0.0
0.0
0.0
0.0013489491819391106
