0.0005069987040692319
0.0005069987040692319
0.0
0.0005069987040692319
0.0005728025428377995
0.0005069987040692319
0.0
0.0005206471252397417
0.0
0.0
0.0
0.0
0.0
0.0
0.0
0.0
0.0
0.0
0.0
0.0
0.0
0.0
0.0
0.0
0.0
0.0
0.0
0.0
0.0
0.0007202380275769921
0.0
0.0
0.0
0.0
0.0
0.0
0.0
0.0
0.0
0.0
0.0
0.0
0.0
0.0
0.0
0.0
0.0
0.0
0.0
0.0
0.0
0.0
0.00651066652651281
0.00651066652651281
0.0
0.0
0.0
0.0
0.0
0.0
0.005389978026047491
0.005389978026047491
0.0
0.0
0.0006772166005950503
0.0
0.0002506966523743019
0.00013225609798427068
0.0
0.000541215900557855
0.0
0.0
0.001350261435683355
0.0002639812602078659
0.0
0.0
0.0
0.0006723694470120592
0.0
0.0005000587978538356
0.0
0.0
0.0
0.0
0.0
0.00045952293443591463
0.00033983323988516473
0.0
0.0
0.0008826541197017367
0.0
0.0
0.0
0.0
0.0
0.0
0.0
0.0
0.0
0.0
