0.00026737662777537107
0.00026737662777537107
0.0002709277236130128
0.00026737662777537107
0.0003020796918333243
0.00026737662777537107
0.0002861282889642379
0.0
0.0
0.0
0.0
0.0
0.0
0.0
0.0
0.0
0.0
0.0
0.0
0.0
0.0
0.0019592513346025782
0.0
0.00033344950598524647
0.0004193319059548444
0.00013567585533046022
0.0003819245443002823
0.0
0.0
0.00037983295314858304
0.0003135510725358556
0.0008356324969268828
0.00018397214123323942
0.0
0.0032109952428208918
0.0032109952428208918
0.0016435425887424472
0.0016435425887424472
0.0
0.0
0.0
0.0
0.0
0.0
0.0
0.0
0.0
0.0
0.0
0.0
0.003728897701340391
0.003728897701340391
0.0
0.0
0.0038531942913850705
0.0038531942913850705
0.0
0.0
0.0
0.0
0.0
0.0
0.0
0.0
0.00035714468200273564
0.0003450621753479167
0.00013221025018095932
6.974808652949644e-05
0.0
0.0
0.0
0.0
0.0007120892940958035
0.00013921617271162438
0.0005004148430370222
0.0
0.00014137280318983136
0.00035458843172255254
0.00043621067449642304
0.0
0.0
0.0
0.0
0.00045690050885988976
0.0
0.0002423392636091239
0.0
0.0
0.00020605317066230323
0.00046548655869081386
0.0
0.0030155433584752723
0.0
0.0
0.0004055993990931653
0.00028731357599391574
0.0007972126120107042
0.0003353844160780042
0.00048569675941828616
0.0005877754003807734
