0.0004031447534929357
0.0004031447534929357
0.0004084990197502638
0.0004031447534929357
0.0004554692903138829
0.0004031447534929357
0.0004314181066669452
0.0
0.0
0.0
0.0
0.0
0.0
0.0
0.0
0.0
0.0
0.0
0.0
0.0
0.0
0.0
0.0
0.0
0.0006322596678117746
0.00020456914917071112
0.000575857648987156
0.0
0.0
0.0005727039926400193
0.0
0.0
0.0
0.0011148800539026388
0.0
0.0
0.0
0.0
0.0
0.0
0.0
0.0
0.0
0.0
0.005745920277805908
0.005745920277805908
0.0
0.0
0.0
0.0
0.0
0.0
0.0
0.0
0.0
0.0
0.0
0.0
0.0
0.0
0.0
0.0
0.0
0.0
0.0005384951032753219
0.0
0.0001993437839421798
0.00010516467121487079
0.0010313190242215733
0.0004303528767739404
0.0
0.0
0.0010736729882553134
0.0002099071639021829
0.0
0.002066714408222678
0.0
0.0
0.0
0.0
0.0
0.0
0.0005429685828456257
0.0006889048027408928
0.0015112102464749642
0.0
0.0
0.0007182400347257385
0.0
0.0
0.0
0.0
0.0006284600303850212
0.0
0.0006115540880471785
0.00043320525706738825
0.0
0.0
0.0
0.0008862351614920977
