0.0006136314705813995
0.0006136314705813995
0.0
0.0006136314705813995
0.0
0.0006136314705813995
0.0006566666809769598
0.0
0.0
0.0
0.0
0.014738518839705096
0.0
0.0
0.0
0.0
0.0
0.007106071583429243
0.0
0.0
0.0
0.0
0.0
0.0
0.0
0.0
0.0
0.0
0.0
0.0
0.0
0.0
0.0
0.0016969723184308639
0.0
0.0
0.0
0.0
0.0
0.0
0.0
0.0
0.0
0.0
0.0
0.0
0.0
0.0
0.0
0.0
0.0
0.0
0.0
0.0
0.0
0.0
0.0
0.0
0.0
0.0
0.0
0.0
0.0
0.0
0.0
0.0
0.0003034235674205395
0.0
0.0
0.0
0.0
0.0
0.0
0.0
0.001148456013483514
0.0
0.0
0.0
0.0
0.0
0.0
0.0
0.0008264590003572951
0.0
0.0
0.0
0.0
0.0
0.0
0.0
0.009363294321695002
0.0
0.0
0.0
0.0
0.0006593869240630283
0.0
0.0007697098813772488
0.0011146778954398812
0.0013489491819391106
