0.000451061412512862
0.000451061412512862
0.0004570520718977985
0.000451061412512862
0.0
0.000451061412512862
0.00048269525744982014
0.0
0.00042609370140508527
0.0
0.0
0.0
0.0
0.0
0.0
0.0
0.0
0.0
0.0
0.005177227009107805
0.0
0.0
0.0
0.0005625256269511366
0.0
0.00022888366667808373
0.0
0.0
0.0
0.0
0.0
0.0
0.0003103589665937305
0.0
0.0
0.0
0.0
0.0
0.0
0.0
0.0
0.0
0.0
0.0
0.0
0.0
0.0
0.0
0.0
0.0
0.0
0.0
0.0
0.0
0.0
0.0
0.0
0.0
0.0
0.0
0.0
0.0
0.0
0.0
0.0
0.0005821160716708278
0.00022303722913807932
0.00011766425020699557
0.0
0.0004815034173079687
0.0
0.0
0.0
0.0
0.0008441943030724127
0.0
0.00023849435467965024
0.0
0.0007358825811687824
0.00044488718785489124
0.0
0.0008251433738070269
0.0
0.0
0.0
0.0004088236562048791
0.0003023393550538408
0.0
0.0
0.0007852706738646738
0.006882666494460965
0.0
0.0
0.0005508725536997948
0.0
0.00048469482355358907
0.0
0.0
0.0
0.0
