0.0
0.0
0.0
0.0
0.0
0.0
0.0005950877879927154
0.0005710581148433658
0.0
0.0
0.0
0.0
0.0
0.0
0.0
0.0
0.0
0.0
0.0
0.0
0.0
0.0
0.0006486028768409812
0.0
0.0
0.0002821777774049965
0.0
0.0
0.0
0.0
0.0
0.0
0.000382624084375157
0.0
0.006678207398584916
0.006678207398584916
0.0
0.0
0.0
0.0
0.0
0.0
0.0
0.0
0.0
0.0
0.0
0.0
0.0
0.0
0.0
0.0
0.0
0.0
0.0
0.0
0.0
0.0
0.0
0.0
0.0
0.0
0.0
0.0
0.0007427872286788579
0.0
0.0
0.00014506162490892418
0.0
0.0
0.0
0.0
0.001480998766010618
0.0002895409068836496
0.0
0.0
0.0
0.0007374707556719541
0.0
0.0
0.0
0.0
0.0007489578390936355
0.0
0.0
0.0
0.0
0.0
0.0
0.0009681159718753973
0.0
0.0
0.0008668826911624652
0.0006791397354493136
0.0008435630398212527
0.0005975529403870513
0.0
0.0006975303665833376
0.0
0.0
