0.0008904409868818375
0.0008904409868818375
0.0
0.0008904409868818375
0.0
0.0008904409868818375
0.0
0.0
0.0
0.0
0.0
0.0
0.0
0.0
0.0
0.0
0.0
0.0
0.0
0.0
0.0
0.0
0.0
0.0
0.0
0.0
0.0
0.0
0.0
0.0
0.0
0.0
0.0
0.0
0.0
0.0
0.0
0.0
0.0
0.0
0.0
0.0
0.0
0.0
0.0
0.0
0.0
0.0
0.0
0.0
0.0
0.0
0.0
0.0
0.0
0.0
0.0
0.0
0.0
0.0
0.0
0.0
0.0
0.0
0.0
0.0
0.0
0.0
0.0
0.0
0.0
0.0
0.0
0.0
0.0
0.0
0.0
0.0011808813496786742
0.0
0.0008782524410537972
0.0
0.0
0.0
0.0
0.0
0.0
0.0
0.0
0.0
0.0015502039731352258
0.0
0.0
0.0
0.0
0.0
0.0
0.0
0.0
0.0
0.0
