0.0
0.0
0.0
0.0
0.0
0.0
0.0006349431341763417
0.0006093041002547317
0.0
0.0
0.0
0.0
0.0
0.0
0.0
0.0
0.0
0.0
0.0
0.0
0.0
0.0
0.0
0.0007399529602131982
0.0009305333477892697
0.0
0.0008475232143411081
0.008744898620701434
0.0
0.0008428817947664032
0.0
0.0
0.0
0.0
0.0
0.0
0.0
0.0
0.0
0.0
0.0
0.0
0.0
0.0
0.0
0.0
0.0
0.0
0.0
0.0
0.0
0.0
0.0
0.0
0.0
0.0
0.0
0.0
0.0
0.0
0.0
0.0
0.0
0.0
0.0
0.0007657224662902747
0.0
0.00015477696673807845
0.0
0.0006333753733512149
0.0
0.004159735560117439
0.0
0.0003089325887682562
0.0
0.0
0.00031371833616866126
0.0
0.0
0.0
0.0
0.0
0.0
0.0
0.002224136065380711
0.0
0.0
0.0
0.00045724960108242793
0.0
0.009053542101432072
0.0
0.0
0.0
0.0
0.0006375733874247937
0.0
0.0
0.0
0.0
