0.0005389128792105002
0.0005389128792105002
0.0
0.0005389128792105002
0.0006088588887944415
0.0005389128792105002
0.0
0.0
0.0
0.0
0.0
0.0
0.0
0.0
0.0
0.0
0.0
0.0
0.0
0.0
0.0
0.0
0.0
0.0
0.0
0.000273462443010962
0.0
0.0
0.0
0.0
0.0
0.0
0.0003708063683480206
0.0
0.0
0.0
0.0033126540489858717
0.0033126540489858717
0.0
0.0
0.0
0.0
0.0
0.0
0.0
0.0
0.0
0.0
0.0
0.0
0.0075158064982367625
0.0075158064982367625
0.0
0.0
0.0
0.0
0.0
0.0
0.0
0.0
0.0
0.0
0.0
0.0
0.0007198455245479081
0.0
0.00026647731770340025
0.00014058125590024514
0.0
0.0005752839541860237
0.0
0.0
0.0
0.0
0.0010086147248716002
0.0
0.0
0.0
0.0008792075526239231
0.0
0.0
0.0
0.0
0.0009209090966218957
0.0
0.0
0.0
0.0
0.0
0.0
0.0
0.0
0.0
0.0
0.0
0.0005790969381408606
0.0
0.0
0.0
0.0011846949226034219
