0.0005225757172444724
0.0005225757172444724
0.0
0.0005225757172444724
0.0
0.0005225757172444724
0.0
0.0
0.0
0.0
0.0
0.012551494541964456
0.0
0.0
0.0
0.0
0.0
0.00605161343987572
0.0
0.0
0.0
0.0
0.0006095150227212956
0.0006517122166020007
0.0
0.0
0.0007464545212181506
0.0
0.0
0.0
0.0
0.0016332065187134475
0.0
0.0
0.0
0.0
0.0
0.0
0.0
0.0
0.0
0.0
0.0
0.0
0.0
0.0
0.0
0.0
0.0
0.0
0.0
0.0
0.0
0.0
0.0
0.0
0.0
0.0
0.0
0.0
0.0055555795513613174
0.0055555795513613174
0.0
0.0
0.0
0.0
0.0
0.00013631953042358822
0.0
0.000557844201865087
0.0
0.0
0.0
0.00027209181263190715
0.0
0.0
0.0002763068509034165
0.0006930273059980376
0.0
0.0005154225895559549
0.0
0.0
0.0
0.0
0.0
0.0
0.0003502742662873802
0.0
0.0
0.0
0.0
0.0
0.0008146402707525009
0.0006382115868795486
0.0
0.0
0.0
0.0
0.0
0.0
