0.0004384242373485063
0.0004384242373485063
0.00044424705925079117
0.0004384242373485063
0.0004953277315688263
0.0004384242373485063
0.0004691718117500104
0.0004502266317030979
0.0004141560348441462
0.0020905743964743113
0.0
0.0
0.0
0.0
0.0
0.0
0.0
0.0
0.0
0.0
0.0
0.0
0.0
0.0
0.0
0.0002224711407828688
0.000626251361058384
0.0
0.004061687398864376
0.0
0.0
0.0
0.0
0.0
0.0
0.0
0.0
0.0
0.0
0.0
0.0
0.0
0.0
0.0
0.0
0.0
0.0
0.0
0.0
0.0
0.006114368127322717
0.006114368127322717
0.0
0.0
0.0
0.0
0.0
0.0
0.0
0.0
0.0
0.0
0.0
0.0
0.0005856191924212283
0.0
0.00021678850013000863
0.00011436770632361476
0.0
0.0
0.0
0.0
0.0
0.00022827628897672126
0.0
0.0
0.0
0.0005814276440092155
0.0
0.0
0.0
0.0
0.0
0.0
0.0
0.0
0.00029386885573178944
0.0
0.0
0.0
0.0
0.0
0.0
0.0005354390167994469
0.0
0.00047111535695195744
0.0013072097375655463
0.0005499383325348285
0.0007964092938949757
0.0009637902302390045
