0.0006136314705813995
0.0006136314705813995
0.0
0.0006136314705813995
0.0006932752764321213
0.0006136314705813995
0.0
0.0
0.0
0.0029260294755296882
0.0
0.0
0.0
0.0
0.0
0.0
0.0
0.0
0.0
0.0
0.0
0.0
0.0
0.0
0.0
0.0
0.0
0.0
0.0056848572667433945
0.0008717196246923058
0.0
0.0
0.0004222175158324006
0.0
0.0
0.0
0.0
0.0
0.0
0.0
0.0
0.0
0.0
0.0
0.0
0.0
0.0
0.0
0.0
0.0
0.0
0.0
0.0
0.0
0.0
0.0
0.0
0.0
0.0
0.0
0.0
0.0
0.0
0.0
0.0
0.0
0.0
0.00016007240895898534
0.0
0.0
0.0
0.0
0.00163425054896114
0.0
0.0
0.0
0.00032445169887650844
0.0
0.0010011069400554405
0.0006052319523529089
0.0
0.0
0.0
0.0
0.0
0.0
0.0
0.0
0.00047289365261085875
0.0
0.0
0.0
0.0
0.0
0.0009308538214550587
0.0
0.0
0.0
0.0
0.0
