0.0
0.0
0.0
0.0
0.0007176905408922637
0.0
0.0006797926905481178
0.0
0.0
0.0
0.0
0.0
0.00749007946313017
0.0
0.0
0.0
0.0
0.0
0.0
0.0
0.0
0.0
0.0
0.0
0.0009962620809483903
0.0
0.0
0.0
0.0
0.0009024192124253217
0.0
0.0
0.0
0.0
0.0
0.0
0.0
0.0
0.0
0.0
0.0
0.0
0.0
0.0
0.0
0.0
0.0
0.0
0.0
0.0
0.0
0.0
0.0
0.0
0.0
0.0
0.0
0.0
0.0
0.0
0.0
0.0
0.0
0.0
0.0
0.0
0.00031410931793531026
0.00016570972263562324
0.0016250665501860331
0.0
0.0
0.0
0.0
0.0
0.0
0.0032565562883174652
0.0
0.0
0.0
0.0
0.0
0.0
0.0008555646323409333
0.0
0.0
0.0
0.0
0.0
0.0
0.0011059177730796223
0.0
0.0
0.000990274929019614
0.0
0.0009636359543208407
0.0006826087331767346
0.0018940430826306178
0.0
0.0
0.0
