0.0003152932867952975
0.0003152932867952975
0.0
0.0003152932867952975
0.00035621549910583696
0.0003152932867952975
0.0
0.0003237809920613625
0.0
0.0015034389447555177
0.0
0.0
0.0
0.0
0.0
0.0
0.0
0.0
0.0
0.0
0.0
0.0
0.0
0.0003932071086283662
0.0004944805235471595
0.0
0.0
0.0
0.0
0.00044790294958762416
0.00036974266995795733
0.0
0.00021694185303633995
0.0008719304754232427
0.0037864388238287115
0.0037864388238287115
0.0019380824311540327
0.0019380824311540327
0.0
0.0
0.0
0.0
0.0
0.0
0.0
0.0
0.003970246533723309
0.003970246533723309
0.0
0.0
0.0
0.0
0.0
0.0
0.0
0.0
0.0
0.0
0.0
0.0
0.0
0.0
0.0
0.0
0.00042114870543099984
0.0004069008885308466
0.0001559036953768589
8.224766552162124e-05
0.0
0.0
0.0
0.0
0.0008397030656540059
0.00016416515173564867
0.0005900943621551239
0.0
0.0
0.0
0.0005143841421050325
0.0
0.0005061081596206693
0.0005767777051812424
0.00042464734472845363
0.0
0.0
0.00028576896783612916
0.00021133612039974203
0.000561724440897666
0.00024298003147563927
0.0005489065677496656
0.0
0.0
0.0004915088857854578
0.00038506157530461473
0.0
0.00033880314248011667
0.0
0.0003954887746358809
0.0
0.0
