0.0003515281076713372
0.0003515281076713372
0.0003561968403513472
0.0003515281076713372
0.00039715327147188536
0.0003515281076713372
0.0
0.0
0.0
0.0
0.005560145800606395
0.0
0.0041448359604520394
0.0
0.0
0.0
0.005363905360584993
0.0
0.0
0.0
0.0
0.0
0.0
0.0004383961112016581
0.0005513082897820125
0.0
0.0
0.0
0.0
0.0004993778265604867
0.0004122350412746152
0.0
0.0002418737165250527
0.0
0.004221592181941892
0.004221592181941892
0.0021608149556858977
0.0021608149556858977
0.0
0.0
0.0
0.0
0.0
0.0
0.0
0.0
0.0
0.0
0.0
0.0
0.0
0.0
0.0
0.0
0.0
0.0
0.0
0.0
0.0
0.0
0.0
0.0
0.0
0.0
0.00046954887296573054
0.0004536636374624123
0.0
9.16999106294699e-05
0.0008992740742598114
0.0
0.0
0.0
0.0009362052477407071
0.0
0.0
0.0018021025915008868
0.0
0.0004661880937113747
0.0
0.00034671631608344057
0.0
0.0
0.0
0.000600700863833629
0.0013177224151726139
0.0
0.00023562374968978003
0.0006262801588595116
0.0
0.0
0.0
0.0
0.0005479951390020726
0.0
0.0
0.0003777398141257037
0.0
0.0004409399957927702
0.0006385601619744039
0.0007727660265249565
