0.00021896426859306154
0.00021896426859306154
0.00022187238778531316
0.00021896426859306154
0.0
0.00021896426859306154
0.00023432067356864755
0.00022485879363832211
0.00020684388664617687
0.0
0.0
0.0
0.002581787785138189
0.0
0.003155518404057787
0.0
0.0
0.00253568443183215
0.0
0.0
0.0
0.0
0.00025539267658741084
0.00027307370804346233
0.00034340587226747377
0.00011110980295978124
0.0003127716479792961
0.0
0.0
0.0
0.00025677817031211645
0.0006843292924462671
0.00015066135616191025
0.0006055365807360359
0.0
0.0
0.0
0.0
0.0
0.0
0.0013087403519133679
0.0013087403519133679
0.0
0.0
0.0
0.0
0.0
0.0
0.0031208423776395698
0.0031208423776395698
0.0
0.0
0.0
0.0
0.0
0.0
0.0
0.0
0.0
0.0
0.0
0.0
0.0
0.0
0.00029247853384675677
0.0002825837376768167
0.00010827169514494885
5.711919878624312e-05
0.0005601511959865894
0.0002337421040042805
0.0
0.0
0.0005831553518792625
0.00011400909528912117
0.00040980758494256974
0.001122516428320952
0.00011577523700171252
0.00029038512920777186
0.0
0.0002159670390609892
0.0003514810103529713
0.0004005594589071944
0.0002949082620614754
0.00037417214277365063
0.0008207995848705226
0.00019846027698476647
0.00014676829786315287
0.0003901052972049462
0.00016874429968223462
0.00038120356559087355
0.0
0.002469536142306094
0.0003413421350543279
0.0002674168139032023
0.00033215983200608285
0.0002352913474442426
0.0
0.0
0.0
0.0
