0.0
0.0
0.0
0.0
0.0
0.0
0.0
0.0
0.0
0.0
0.0
0.0
0.0
0.0
0.0
0.0
0.0
0.0
0.0
0.0
0.0
0.0
0.0008992805755395684
0.0
0.0
0.0
0.0
0.0
0.0
0.0
0.0
0.0
0.0
0.0
0.0
0.0
0.0
0.0
0.0
0.0
0.0
0.0
0.0
0.0
0.0
0.0
0.0
0.0
0.0
0.0
0.010752688172043012
0.010752688172043012
0.0
0.0
0.0
0.0
0.009708737864077669
0.009708737864077669
0.0
0.0
0.0
0.0
0.0
0.0
0.0010298661174047373
0.0
0.0
0.00020112630732099757
0.0
0.0
0.0
0.0
0.0
0.0004014452027298274
0.0
0.0
0.0
0.0010224948875255625
0.0
0.0
0.0
0.0
0.0
0.0
0.0
0.0
0.0
0.0
0.0
0.0
0.0
0.0
0.0
0.0
0.0
0.0
0.0022988505747126436
0.0
0.0
0.0
