0.0
0.0
0.0006670874721263766
0.0
0.000743790909687946
0.0
0.0007045148220476585
0.0
0.0006219023775103876
0.0
0.0
0.0
0.0
0.0
0.0
0.0
0.0
0.0
0.0
0.0
0.0
0.0
0.0
0.0
0.0
0.0003340657137409085
0.0
0.0
0.0
0.0
0.0
0.0
0.0
0.0
0.0
0.0
0.0
0.0
0.0
0.0
0.0
0.0
0.0
0.0
0.0
0.0
0.0
0.0
0.0
0.0
0.0
0.0
0.0
0.0
0.009487466270241801
0.009487466270241801
0.0
0.0
0.0
0.0
0.0
0.0
0.0
0.0
0.0
0.0
0.0003255325826617469
0.0001717361151089626
0.0
0.0
0.0
0.0
0.0
0.0
0.0
0.0
0.0
0.0008730797181204111
0.0
0.0006493322922598951
0.0
0.0
0.0008866790906768038
0.0
0.0
0.0
0.0
0.0
0.0
0.0011461368648614256
0.0
0.0
0.0
0.0
0.0
0.0
0.0
0.0008257949364813946
0.0
0.0
