0.0006831585564326624
0.0006831585564326624
0.0
0.0006831585564326624
0.0
0.0006831585564326624
0.0007310698413309928
0.0
0.0
0.0
0.0
0.0
0.0
0.0
0.0
0.0
0.0
0.0
0.0
0.0
0.0
0.0
0.0
0.0
0.0
0.0
0.0
0.0
0.0
0.0
0.0
0.0
0.0
0.0
0.0
0.0
0.0
0.0
0.0
0.0
0.0
0.0
0.0
0.0
0.0
0.0
0.0
0.0
0.0
0.0
0.0
0.0
0.0
0.0
0.0
0.0
0.0
0.0
0.0
0.0
0.0
0.0
0.0
0.0
0.0
0.0
0.0
0.0
0.0
0.000729264730611657
0.0
0.004789495392936018
0.0
0.0
0.0
0.0
0.000361213472357588
0.0
0.0
0.0006738073366487934
0.0010966047619964893
0.0012497272887068594
0.0
0.0
0.0
0.0
0.0
0.0012171107797983012
0.0
0.0
0.0
0.007704840414723159
0.0
0.0
0.0
0.0
0.0
0.0
0.0
0.0
