0.00033292079871473016
0.00033292079871473016
0.0003373424030726602
0.00033292079871473016
0.0003761309023806664
0.00033292079871473016
0.0
0.0003418830371599406
0.0
0.0
0.0
0.0
0.0
0.0
0.0
0.0
0.0
0.0
0.0
0.0
0.0
0.0
0.0
0.00041519064993558177
0.0005221260893990387
0.0
0.0
0.0
0.0
0.00047294444242388284
0.0
0.0010404777733325423
0.00022907070341273474
0.0
0.0
0.0
0.0020464373266967065
0.0020464373266967065
0.0
0.0
0.0
0.0
0.0
0.0
0.0
0.0
0.0
0.0
0.0
0.0
0.0
0.0
0.0
0.0
0.0
0.0
0.0
0.0
0.0
0.0
0.0
0.0
0.0032466035784436465
0.0032466035784436465
0.00044469441393718334
0.00042965002580398504
0.0
8.684599274597848e-05
0.0008516731280729883
0.0
0.0
0.0
0.0008866494372340966
0.00017334334642031516
0.0
0.0
0.00017602864897391153
0.00044151152958384976
0.0005431424854503207
0.0003283637079338441
0.0005344038068477785
0.0
0.00044838865621288164
0.0005689041843649605
0.0
0.0003017458252501782
0.00022315156378966666
0.0005931294999079739
0.00025656463216459
0.0005795950012523557
0.005079979716858882
0.0
0.0
0.0
0.0005050272233134562
0.0
0.0
0.0
0.0006047594901022479
0.0
