0.0
0.0
0.0
0.0
0.0
0.0
0.0
0.0
0.0
0.0
0.01337695137814703
0.0
0.0
0.0
0.0
0.0
0.0
0.0
0.0
0.0
0.0
0.0
0.0009864298678130005
0.0
0.0
0.0
0.0
0.0
0.0
0.0
0.0009917812052514072
0.0
0.0005819151262642209
0.0
0.0
0.0
0.0
0.0
0.0
0.0
0.0
0.0
0.0
0.0
0.0
0.0
0.0
0.0
0.0
0.0
0.0
0.0
0.0
0.0
0.0
0.0
0.0
0.0
0.0
0.0
0.0
0.0
0.0
0.0
0.0
0.0
0.0
0.0
0.0
0.0
0.011426145968833921
0.0
0.0
0.0
0.0
0.0
0.0004471708165544462
0.0
0.0
0.0
0.0
0.0
0.0
0.0
0.0
0.0
0.0005668785596940859
0.0
0.0
0.0
0.0
0.0
0.0
0.0
0.0
0.0009087904001723748
0.0
0.0
0.0
0.0
