0.0004921142359155027
0.0004921142359155027
0.0004986501281112555
0.0004921142359155027
0.000555986205559588
0.0004921142359155027
0.0005266271980052863
0.0005053619667319137
0.0
0.0
0.0
0.0
0.0
0.0
0.0
0.00664866837481674
0.0
0.0
0.007690026072077194
0.0
0.0
0.0
0.0
0.0
0.0
0.0
0.0
0.0
0.0
0.0006990932792797449
0.0
0.0
0.0
0.0
0.0
0.0
0.0
0.0
0.0
0.0
0.0
0.0
0.0
0.0
0.0
0.0
0.0
0.0
0.0
0.0
0.0
0.0
0.0
0.0
0.0
0.0
0.0
0.0
0.0
0.0
0.0
0.0
0.0
0.0
0.0
0.0006350966805795094
0.00024333669995516854
0.00012837332340756376
0.0
0.0005253268839361375
0.00664866837481674
0.0
0.001310620459922807
0.0
0.0
0.002522814877400818
0.0002602006375794566
0.0
0.0
0.0
0.0
0.0
0.0
0.0
0.0
0.0
0.000329856415494784
0.0
0.00037924668091646294
0.0
0.0
0.0
0.0
0.0
0.0
0.0005288087522638004
0.0
0.0
0.0008939386050173768
0.0
