0.0005741923630660708
0.0005741923630660708
0.0
0.0005741923630660708
0.0006487173300493849
0.0005741923630660708
0.0
0.0
0.0
0.002737968731237845
0.0
0.0
0.0
0.0
0.0
0.0
0.0
0.0
0.0
0.0
0.0
0.0
0.0
0.0
0.0009005169224869333
0.0002913644346231197
0.0
0.0
0.0
0.0
0.0
0.0
0.0
0.0
0.0
0.0
0.0
0.0
0.0
0.0
0.0
0.0
0.0
0.0
0.0
0.0
0.0
0.0
0.0
0.0
0.0
0.0
0.0
0.0
0.0
0.0
0.0
0.0
0.0
0.0
0.0
0.0
0.0
0.0
0.0007669696136938145
0.0
0.0002839220338912291
0.0001497842910089891
0.0
0.0006129444402441925
0.0
0.0
0.0
0.0
0.0
0.0029435869363505685
0.0
0.0007614800561315889
0.0009367641445241432
0.0
0.0
0.0
0.0007733411161959438
0.0009811956454501896
0.0
0.0
0.0
0.0
0.0
0.0
0.0
0.0
0.0
0.0
0.0
0.0
0.0
0.0007202393567666285
0.0
0.0
