0.0
0.0
0.0
0.0
0.0006932752764321213
0.0
0.0006566666809769598
0.0
0.0
0.0
0.0
0.0
0.0
0.0
0.0
0.0
0.0
0.0
0.0
0.0
0.0
0.0
0.0
0.0007652692474462262
0.000962370033064178
0.0
0.0
0.0
0.0
0.0
0.0
0.0
0.0004222175158324006
0.0
0.0
0.0
0.0
0.0
0.0
0.0
0.0
0.0
0.0
0.0
0.0
0.0
0.0
0.0
0.0
0.0
0.0
0.0
0.0
0.0
0.0
0.0
0.0
0.0
0.0
0.0
0.0
0.0
0.0
0.0
0.0
0.0
0.0
0.00016007240895898534
0.0
0.0
0.0
0.0
0.0
0.0003195022149113108
0.0
0.003145770819541799
0.00032445169887650844
0.0
0.0
0.0
0.0009850000214654397
0.001122538811486707
0.0
0.0
0.0
0.0005561705222530224
0.000411307502503398
0.0010932417820660374
0.00047289365261085875
0.0
0.0
0.0
0.0
0.0
0.0
0.0
0.0
0.0007697098813772488
0.0
0.0
