0.0003921652322017943
0.0003921652322017943
0.00039737367669197445
0.0003921652322017943
0.00044306472662519796
0.0003921652322017943
0.00041966856944366935
0.0004027223326727848
0.0003704576155613454
0.001869993772668115
0.0
0.0
0.0
0.0
0.0
0.0
0.0
0.0
0.0
0.0
0.0
0.0
0.0
0.0
0.0006150402734773001
0.0
0.0
0.0057799807518832645
0.0
0.0
0.0004598899694084333
0.0
0.0
0.0
0.0
0.0
0.0
0.0
0.0
0.0
0.0
0.0
0.0
0.0
0.0
0.0
0.0
0.0
0.0
0.0
0.0
0.0
0.0
0.0
0.0
0.0
0.0
0.0
0.003767691156783165
0.003767691156783165
0.0
0.0
0.0
0.0
0.0005238293575342196
0.0
0.00019391471832471492
0.00010230054428111972
0.0
0.000418632350753685
0.0
0.0
0.0
0.0002041904079348564
0.0
0.0
0.0
0.0005200800676541179
0.0
0.0
0.000629502854165504
0.0
0.0005281810032873595
0.0
0.0
0.0003554425619606759
0.000262862173729058
0.0
0.00030222121578474584
0.0006827359814305064
0.0
0.0
0.0
0.00047894379111650397
0.0
0.0004214070473618287
0.0011692834624499476
0.0004919132554794267
0.0
0.0
