0.0006831585564326624
0.0006831585564326624
0.0
0.0006831585564326624
0.0
0.0006831585564326624
0.0
0.0
0.0
0.0
0.0
0.0
0.0
0.0
0.0
0.0
0.0
0.0
0.0
0.0
0.0
0.0
0.0
0.0
0.0
0.00034665753039638626
0.0
0.0
0.0
0.0
0.0
0.0
0.0
0.0
0.0
0.0
0.0
0.0
0.0
0.0
0.0
0.0
0.0
0.0
0.0
0.0
0.0
0.0
0.0
0.0
0.0
0.0
0.0
0.0
0.0
0.0
0.0
0.0
0.0
0.0
0.0
0.0
0.0
0.0
0.0
0.0
0.0003378027631312098
0.00017820930162774803
0.0
0.0
0.0
0.0
0.0
0.0
0.0
0.0
0.000361213472357588
0.0
0.0011145366637649852
0.0
0.0010966047619964893
0.0
0.0009201003610520907
0.0
0.0
0.0006191870354249918
0.0
0.0
0.0
0.0
0.0
0.0
0.0
0.0
0.0
0.0
0.0
0.0
0.0
0.001501790928293497
