0.0
0.0
0.0
0.0
0.0
0.0
0.0
0.000791765637371338
0.0
0.0
0.0
0.0
0.0
0.0
0.0
0.0
0.0
0.0
0.0
0.0
0.0
0.0
0.0008992805755395684
0.0009615384615384616
0.0
0.0003912363067292645
0.0
0.0
0.0
0.0
0.0
0.0
0.0
0.0
0.0
0.0
0.0
0.0
0.0
0.0
0.0
0.0
0.0
0.0
0.0
0.0
0.0
0.0
0.0
0.0
0.0
0.0
0.0
0.0
0.0
0.0
0.0
0.0
0.0
0.0
0.0
0.0
0.0
0.0
0.0
0.0
0.0003812428516965307
0.00020112630732099757
0.0
0.0
0.0
0.0
0.0
0.0
0.0
0.0
0.0
0.0
0.0
0.0
0.0
0.0
0.0010384215991692627
0.0
0.0
0.0
0.0
0.0
0.0005941770647653001
0.0013422818791946308
0.0
0.0
0.001201923076923077
0.0
0.0
0.0
0.0
0.0
0.0
0.0
