0.0005741923630660708
0.0005741923630660708
0.0
0.0005741923630660708
0.0006487173300493849
0.0005741923630660708
0.0
0.0
0.0
0.002737968731237845
0.0
0.0
0.0
0.0
0.0
0.0
0.0
0.0
0.0
0.0
0.0
0.0
0.0
0.0
0.0
0.0
0.0
0.0
0.005319482106404956
0.0
0.0
0.0017945240840884192
0.0003950808991494397
0.0
0.0
0.0
0.003529514193823194
0.003529514193823194
0.0
0.0
0.0
0.0
0.0
0.0
0.0
0.0
0.0
0.0
0.0
0.0
0.0
0.0
0.0
0.0
0.0
0.0
0.0
0.0
0.0
0.0
0.0
0.0
0.0
0.0
0.0
0.0
0.0
0.0001497842910089891
0.0014688905224786862
0.0006129444402441925
0.0
0.0
0.0
0.0
0.0
0.0
0.0
0.0
0.0
0.0
0.0009216924441790765
0.0
0.0
0.0009811956454501896
0.0
0.0005204245247356351
0.00038487209038588825
0.0
0.0
0.0
0.0
0.0
0.0
0.0
0.0
0.0
0.0
0.0
0.0
0.0
