0.0
0.0
0.0
0.0
0.0
0.0
0.0
0.0
0.0
0.0
0.0
0.0
0.0
0.0
0.0
0.0
0.0
0.0
0.0
0.0
0.0
0.0
0.0008280744190219202
0.0
0.0
0.0003602577284633706
0.0010141175704321314
0.0
0.0
0.0010085638049861722
0.0
0.0
0.0
0.0
0.0
0.0
0.0
0.0
0.0
0.0
0.0
0.0
0.0
0.0
0.0
0.0
0.0
0.0
0.0
0.0
0.0
0.0
0.0
0.0
0.0
0.0
0.0
0.0
0.0
0.0
0.0
0.0
0.0
0.0
0.0
0.0
0.0003510555676524496
0.00018520087569436346
0.0018162105600638566
0.0
0.0
0.0
0.0
0.0003696582713578383
0.0
0.0
0.0
0.0
0.0011582625835878933
0.0
0.0
0.0
0.0
0.0
0.0
0.0
0.0
0.0
0.0
0.0012359983274528527
0.0
0.0
0.0
0.0008670609735898071
0.0
0.0
0.0
0.0008905403809984287
0.0
0.0
