0.00047786334486383495
0.00047786334486383495
0.00048420996741280783
0.00047786334486383495
0.0
0.00047786334486383495
0.0
0.0004907274412418004
0.0
0.002278635140766154
0.0
0.0
0.0
0.0
0.0
0.0
0.0
0.005533828199003517
0.0
0.0
0.0
0.0
0.0005573639912665414
0.0
0.0007494422712072479
0.00024248386474506808
0.0006825867382030771
0.0
0.0
0.0
0.0
0.0
0.00032880040227501004
0.0
0.0
0.0
0.0
0.0
0.0
0.0
0.0
0.0
0.0
0.0
0.0
0.0
0.0
0.0
0.0
0.0
0.0
0.0
0.0
0.0
0.0
0.0
0.0
0.0
0.0
0.0
0.0
0.0
0.0
0.0
0.0
0.0
0.0002362900336593191
0.000124655824273611
0.0
0.0
0.0
0.0
0.0
0.0002488112237207523
0.0008943560725662251
0.0
0.00025266561691332816
0.0
0.0
0.0
0.0
0.0008741731428609223
0.0
0.0
0.0
0.0
0.0003203042678492992
0.0008513581844620797
0.0
0.0
0.0
0.0
0.0
0.0005836052337932147
0.0
0.0005134952429895559
0.0
0.0
0.0
0.0010504894208277864
