0.0005741923630660708
0.0005741923630660708
0.0
0.0005741923630660708
0.0
0.0005741923630660708
0.0
0.0
0.0005424089547681675
0.0
0.00908204262069139
0.0
0.0
0.0
0.0
0.0
0.0
0.0
0.0
0.0
0.0
0.0
0.0
0.0
0.0009005169224869333
0.0
0.0
0.0
0.005319482106404956
0.0
0.0006733521653677159
0.0
0.0003950808991494397
0.0015879051063895392
0.0
0.0
0.0
0.0
0.0
0.0
0.0
0.0
0.0
0.0
0.0
0.0
0.0
0.0
0.0
0.0
0.0
0.0
0.0
0.0
0.0
0.0
0.0
0.0
0.0
0.0
0.0
0.0
0.0
0.0
0.0
0.0
0.0002839220338912291
0.0001497842910089891
0.0
0.0
0.0
0.0
0.0
0.0
0.001074642849778779
0.0
0.0
0.0
0.0
0.0
0.0
0.0010503913891349703
0.0
0.0
0.0
0.0
0.00038487209038588825
0.0
0.0
0.0
0.0
0.0
0.0
0.0
0.0008710263098206946
0.0006170070380254298
0.0
0.0
0.0
0.0
