0.0
0.0
0.0
0.0
0.0
0.0
0.0
0.0
0.0
0.0
0.0
0.0
0.0
0.0
0.0
0.0
0.0
0.0
0.0
0.0
0.0
0.0
0.0
0.0
0.0
0.0
0.0
0.0
0.0
0.0
0.0
0.0
0.0
0.0
0.0
0.0
0.0
0.0
0.0
0.0
0.0
0.0
0.0
0.0
0.0
0.0
0.0
0.0
0.0
0.0
0.0
0.0
0.0
0.0
0.0
0.0
0.0
0.0
0.0
0.0
0.0
0.0
0.0
0.0
0.0010298661174047373
0.0
0.0003812428516965307
0.00020112630732099757
0.0
0.0
0.0
0.0
0.0
0.0004014452027298274
0.0
0.0
0.0
0.0
0.0
0.0007604562737642585
0.0012376237623762376
0.0
0.0
0.0013175230566534915
0.0
0.0
0.0005167958656330749
0.0
0.0
0.0013422818791946308
0.0
0.0
0.0
0.0009416195856873823
0.0
0.0
0.0
0.0
0.0
0.0
