0.0
0.0
0.0
0.0
0.0
0.0
0.0
0.0
0.0
0.0
0.0
0.0
0.0
0.0
0.0
0.0
0.0
0.0
0.0
0.0
0.0
0.0
0.0
0.0
0.0
0.0
0.0
0.0
0.0
0.0
0.0008667335577231238
0.0
0.0
0.002043938837615725
0.0
0.0
0.0
0.0
0.006611084929943276
0.006611084929943276
0.0
0.0
0.0
0.0
0.0
0.0
0.0
0.0
0.0
0.0
0.0
0.0
0.0
0.0
0.0
0.0
0.0
0.0
0.0
0.0
0.0
0.0
0.007207573795802819
0.007207573795802819
0.0
0.0009538381242206715
0.0
0.0
0.001890744210733284
0.0007889772138615431
0.0
0.0
0.0
0.0
0.0
0.0
0.00039078977368193026
0.0
0.0
0.0
0.0
0.0
0.0
0.0
0.0
0.0
0.0004954042970758527
0.0
0.0
0.0
0.0
0.0
0.0
0.0
0.0
0.0
0.0
0.0
0.0
0.0
