0.0003815343266615991
0.0003815343266615991
0.0003866015794375735
0.0003815343266615991
0.0
0.0003815343266615991
0.0004082920970957871
0.0
0.00036041516509839334
0.0
0.0
0.0
0.0
0.0
0.0
0.0
0.0
0.0
0.0
0.0
0.0
0.0
0.0
0.0
0.0
0.0
0.0005449890106608965
0.0
0.0
0.0
0.0
0.0
0.00026251990540058037
0.0
0.0
0.0
0.0
0.0
0.0
0.0
0.002280414846452046
0.002280414846452046
0.0
0.0
0.0
0.0
0.0
0.0
0.0
0.0
0.0
0.0
0.0
0.0
0.0
0.0
0.0
0.0
0.0
0.0
0.0
0.0
0.0
0.0
0.0005096292705253285
0.0
0.00018865803342740908
9.95273575382329e-05
0.0009760355457201066
0.0
0.0
0.0026748649820545626
0.0
0.00019865516727422483
0.0
0.0
0.00020173258119857073
0.0005059816172598099
0.0006224528574592377
0.0003763118035590068
0.0
0.0
0.0
0.0
0.0
0.00034580714303290985
0.00025573644531271005
0.00067973904076936
0.00029402853338092336
0.0006642282170202604
0.0
0.0
0.00059477166067319
0.00046596047239180223
0.0005787719551813965
0.00040998344795368185
0.0
0.0
0.0006930672572550336
0.000838728850305244
