0.0004921142359155027
0.0004921142359155027
0.0004986501281112555
0.0004921142359155027
0.0
0.0004921142359155027
0.0005266271980052863
0.0
0.0
0.0
0.0
0.0
0.0
0.0
0.0
0.0
0.0
0.0
0.0
0.0
0.0
0.0
0.0005739857589769848
0.0
0.0
0.0
0.0
0.0
0.0
0.0
0.0005770996057707116
0.0015380052144154388
0.0
0.0
0.0
0.0
0.0030249865591583276
0.0030249865591583276
0.0
0.0
0.0
0.0
0.0
0.0
0.0
0.0
0.0
0.0
0.0
0.0
0.0
0.0
0.0
0.0
0.0
0.0
0.0
0.0
0.0047279419554252375
0.0047279419554252375
0.0
0.0
0.0
0.0
0.0
0.0
0.00024333669995516854
0.00012837332340756376
0.0
0.0
0.0
0.0034501198053103086
0.0
0.0
0.0
0.0
0.0
0.0006526300245218886
0.0008028580679023988
0.0
0.0
0.0009002428264914062
0.0
0.0008409382924669395
0.0
0.0
0.000329856415494784
0.000876747477997812
0.00037924668091646294
0.0
0.0
0.0
0.0
0.0
0.0
0.0
0.0
0.0
0.0
0.0
