0.0
0.0
0.0007489119647201368
0.0
0.0
0.0
0.0
0.0
0.0
0.0
0.0
0.0
0.0
0.0
0.0
0.0
0.0
0.0
0.0
0.0
0.0
0.0
0.0
0.0
0.0
0.00037504198546235327
0.0
0.0
0.0
0.0
0.0
0.0
0.0
0.0
0.0
0.0
0.0
0.0
0.0
0.0
0.0
0.0
0.0
0.0
0.0
0.0
0.0
0.0
0.0
0.0
0.0
0.0
0.0
0.0
0.0
0.0
0.0
0.0
0.0
0.0
0.0
0.0
0.007207573795802819
0.007207573795802819
0.0
0.0
0.00036546218636743233
0.00019280114940502312
0.0
0.0
0.0
0.0
0.0
0.0003848283078449518
0.0
0.0
0.0
0.0
0.001205795364580849
0.0
0.0
0.0
0.0
0.0012629872395807313
0.0
0.0006698863136560272
0.0
0.0
0.0005695824805952317
0.0
0.0
0.0
0.0
0.0
0.0
0.0
0.0
0.0
0.0
0.0
