0.0
0.0
0.0006217812635500588
0.0
0.0
0.0
0.0006566666809769598
0.0006301504492035433
0.0
0.0
0.0
0.0
0.0
0.0
0.0
0.0
0.0
0.0
0.0
0.0
0.0
0.0
0.0007157194400576216
0.0
0.000962370033064178
0.0003113771585853189
0.0
0.0
0.0
0.0
0.0007196021856637208
0.0
0.0
0.0016969723184308639
0.0
0.0
0.0
0.0
0.005488827705821208
0.005488827705821208
0.0
0.0
0.0
0.0
0.0
0.0
0.0
0.0
0.0
0.0
0.0
0.0
0.0
0.0
0.0
0.0
0.0
0.0
0.0
0.0
0.0
0.0
0.0
0.0
0.0
0.0
0.0003034235674205395
0.0
0.0
0.0
0.0
0.0
0.0
0.0003195022149113108
0.0
0.0
0.00032445169887650844
0.0
0.0
0.0
0.0
0.0
0.0
0.0
0.0
0.0
0.0
0.0
0.00047289365261085875
0.0010682953252940607
0.0
0.0
0.0
0.0
0.0
0.0006593869240630283
0.0
0.0
0.0
0.0
