0.0
0.0
0.0
0.0
0.0
0.0
0.0
0.0
0.0008411521922692959
0.0
0.0
0.0
0.0
0.0
0.0
0.0
0.0
0.0
0.0
0.0
0.0
0.0
0.0
0.0
0.0
0.0
0.0
0.0
0.0
0.0
0.001044215153694162
0.0
0.0
0.0
0.0
0.0
0.0
0.0
0.0
0.0
0.0
0.0
0.0
0.0
0.0
0.0
0.0
0.0
0.0
0.0
0.012418300645007993
0.012418300645007993
0.0
0.0
0.0
0.0
0.0
0.0
0.0
0.0
0.0
0.0
0.0
0.0
0.0
0.0
0.0
0.00023228116652971505
0.0
0.0
0.0
0.0
0.0
0.0
0.0
0.0
0.0
0.0011808813496786742
0.0
0.0
0.0
0.0
0.0
0.0
0.0
0.0008070593710592196
0.0
0.0
0.0
0.0
0.0
0.0
0.0
0.0
0.0
0.0
0.0
0.0
0.0
0.0
