0.0
0.0
0.0
0.0
0.0
0.0
0.000559225004344951
0.0
0.0004936494575863661
0.0
0.0
0.0
0.0
0.0
0.0
0.0
0.0
0.0
0.0
0.0
0.0
0.0
0.0
0.0006517122166020007
0.0
0.0002651724199006576
0.0007464545212181506
0.0
0.0
0.0
0.0
0.0016332065187134475
0.0003595653608838624
0.0
0.0
0.0
0.0032122308306449326
0.0032122308306449326
0.0
0.0
0.0
0.0
0.0
0.0
0.0
0.0
0.0
0.0
0.0
0.0
0.0
0.0
0.0
0.0
0.0
0.0
0.0
0.0
0.005020597816785783
0.005020597816785783
0.0
0.0
0.0
0.0
0.0
0.0
0.0002583990489005264
0.00013631953042358822
0.0
0.000557844201865087
0.0
0.0
0.0013917468280617673
0.0
0.0009780385357374903
0.0
0.0
0.0006930273059980376
0.0
0.0005154225895559549
0.0
0.0
0.0
0.0
0.0
0.0
0.0003502742662873802
0.0
0.0
0.0
0.0
0.0
0.0
0.0
0.0007927259710714394
0.0005615415950837453
0.0
0.0
0.0
0.0
