0.0
0.0
0.0005137322806076514
0.0
0.0
0.0
0.0
0.0005206471252397417
0.0
0.0
0.0
0.0
0.0
0.0
0.0
0.0
0.0
0.0
0.0
0.0
0.008430478450997356
0.0
0.0
0.0006322858838248018
0.0
0.0002572681217440508
0.0007242040960107862
0.0
0.0
0.0
0.0005945545381354374
0.0
0.00034884738417920093
0.0014020838361999868
0.0
0.0
0.0
0.0
0.0
0.0
0.0
0.0
0.0
0.0
0.0
0.0
0.0
0.0
0.0
0.0
0.0
0.0
0.0
0.0
0.0
0.0
0.0
0.0
0.0
0.0
0.0
0.0
0.0
0.0
0.0
0.0006543057902266605
0.0002506966523743019
0.00013225609798427068
0.0
0.0
0.0
0.0035544719955556427
0.0
0.0002639812602078659
0.0
0.0
0.0
0.0
0.0
0.0005000587978538356
0.0
0.0
0.0
0.0
0.0
0.00045952293443591463
0.00033983323988516473
0.0009032655483211454
0.0003907173613652964
0.0
0.0
0.0
0.0
0.0006191876828416138
0.0
0.0
0.0
0.0
0.0009209766375039129
0.0011145378291149049
