0.0
0.0
0.0
0.0
0.0
0.0
0.0
0.0
0.0
0.0
0.0
0.0
0.0
0.0
0.0
0.0
0.0
0.0
0.0
0.0
0.0
0.0
0.0006920423368900415
0.0
0.0
0.0
0.0
0.0
0.0
0.0
0.0
0.0
0.0
0.0
0.0
0.0
0.0
0.0
0.00530724881808087
0.00530724881808087
0.0035463183346623323
0.0035463183346623323
0.0
0.0
0.0
0.0
0.0
0.0
0.0
0.0
0.0
0.0
0.0
0.0
0.0
0.0
0.0
0.0
0.0
0.0
0.0
0.0
0.0
0.0
0.0007925345814847848
0.0
0.00029338584773988796
0.0
0.0
0.0006333753733512149
0.0
0.0
0.0
0.0
0.0
0.0
0.0
0.0007868620435804971
0.000967988778140536
0.0005852099457199438
0.0009524147012645126
0.0
0.0
0.0
0.0
0.0
0.0
0.0010570756574474261
0.0
0.0
0.0
0.0
0.0
0.0007246243678170679
0.0009000597410780423
0.0
0.0017690829393602898
0.0007442466911235262
0.0
0.0
