0.0004384242373485063
0.0004384242373485063
0.00044424705925079117
0.0004384242373485063
0.0004953277315688263
0.0004384242373485063
0.0
0.0
0.0
0.0
0.0
0.0
0.0
0.0
0.0
0.0
0.0
0.0
0.0
0.0
0.0
0.0
0.0
0.0
0.0
0.0
0.000626251361058384
0.0
0.0
0.0
0.0
0.0
0.0003016637855920491
0.0
0.0
0.0
0.0
0.0
0.0
0.0
0.0
0.0
0.004477450675913485
0.004477450675913485
0.0062487498444067325
0.0062487498444067325
0.0
0.0
0.0
0.0
0.0
0.0
0.0
0.0
0.0
0.0
0.0055207401537962384
0.0055207401537962384
0.0
0.0
0.0
0.0
0.0
0.0
0.0
0.0005658071998418036
0.0
0.00011436770632361476
0.001121570484893516
0.00046801336283210917
0.0
0.0
0.0011676308744168638
0.0
0.0
0.0
0.00023181257066490527
0.0
0.0007152657054603932
0.00043242299303499057
0.0007037577176250157
0.0
0.0005904841493676144
0.0
0.0016434573290202677
0.0
0.00029386885573178944
0.0
0.0
0.0
0.0
0.0
0.0
0.0
0.0
0.00047111535695195744
0.0
0.0
0.0
0.0
