0.0
0.0
0.0007193896515252932
0.0
0.0008021069285299436
0.0
0.0
0.0
0.0006706618746921888
0.0
0.0
0.0
0.0
0.0
0.0
0.0
0.0
0.0
0.0
0.0
0.0
0.0
0.0
0.0
0.0
0.0003602577284633706
0.0
0.0
0.0
0.0
0.0
0.0
0.0
0.0
0.0
0.0
0.0
0.0
0.0
0.0
0.0
0.0
0.0
0.0
0.0
0.0
0.0
0.0
0.0
0.0
0.0
0.0
0.0
0.0
0.0
0.0
0.0
0.0
0.0
0.0
0.0
0.0
0.0
0.0
0.0
0.0
0.0
0.00018520087569436346
0.0
0.0
0.0
0.0
0.0
0.0003696582713578383
0.0013287427906960682
0.0
0.0
0.0009415324682539625
0.0
0.0
0.0
0.0
0.0009561980830242733
0.0012131999393311928
0.0
0.0
0.0
0.0
0.0
0.0
0.0
0.0
0.0
0.0
0.0
0.0007628987190989024
0.0
0.0
0.0
0.0015607097524616529
