0.0
0.0
0.0
0.0
0.0
0.0
0.0
0.0
0.0
0.0
0.0
0.0
0.0
0.0
0.0
0.0
0.0
0.0
0.0
0.0
0.0
0.004654851643753214
0.0
0.0
0.0
0.0
0.0009073884812162102
0.0
0.0
0.0
0.0007449446120653876
0.0
0.0004370868652224502
0.0
0.0
0.0
0.0
0.0
0.005682129247891853
0.005682129247891853
0.0
0.0
0.0
0.0
0.0
0.0
0.0
0.0
0.0
0.0
0.0
0.0
0.0
0.0
0.0
0.0
0.0
0.0
0.0
0.0
0.0
0.0
0.0
0.0
0.0008485156961321512
0.0
0.00031410931793531026
0.00016570972263562324
0.0
0.0
0.0
0.0
0.0
0.0
0.0
0.0
0.0
0.0
0.0
0.0006265465710603185
0.0
0.0
0.0
0.0010855187627724886
0.0
0.0
0.0
0.001131742776022416
0.0004895476773287694
0.0
0.0
0.0
0.0
0.0
0.0009636359543208407
0.0
0.0018940430826306178
0.0
0.0
0.0
