0.00021258606815667766
0.00021258606815667766
0.00021540947687438358
0.00021258606815667766
0.0002401778139365949
0.00021258606815667766
0.00022749515709505854
0.0
0.00020081874027619152
0.001013691655879452
0.0
0.0
0.0
0.0
0.0
0.0
0.0
0.0
0.0
0.0
0.0
0.0015577634485831127
0.00024795335467554943
0.00026511935615308746
0.00033340281789505556
0.00010787329045352541
0.0003036609365630077
0.0
0.0
0.0003019979522444808
0.0002492984904151998
0.0006643954949378578
0.00014627274822239306
0.0
0.0
0.0
0.0
0.0
0.0
0.0
0.0
0.0
0.0021710561448756768
0.0021710561448756768
0.0
0.0
0.0
0.0
0.0
0.0
0.0
0.0
0.0
0.0
0.003063601448880122
0.003063601448880122
0.0
0.0
0.002042400965920081
0.002042400965920081
0.0022600338557312374
0.0022600338557312374
0.0020731137624000824
0.0020731137624000824
0.0002839589396490329
0.0
0.00010511785375494127
5.545537618648651e-05
0.0
0.00022693344065778678
0.0
0.0
0.0
0.00011068812942561661
0.00039787031803637944
0.0010898186972300827
0.00011240282527485159
0.0
0.00034682280553359864
0.00020967614479027447
0.0
0.0003888915802527658
0.00028631789241870297
0.00036327289907669427
0.0007968905502867368
0.00019267933640755482
0.00014249309064558706
0.00037874193736155354
0.000163828954485568
0.0003700995038915583
0.0
0.0
0.0
0.00025962724143051877
0.0003224843630400128
0.00022843755625452438
0.0
0.0002666577663435309
0.0
0.0004673290345749338
