0.00029047857332467196
0.00029047857332467196
0.0002943364918766403
0.00029047857332467196
0.00032818006062900655
0.00029047857332467196
0.00031085042046377853
0.00029829826571821025
0.0
0.0
0.0
0.0
0.0
0.0
0.0
0.0
0.0
0.0
0.0
0.0
0.0
0.0
0.0
0.00036226029769432654
0.00045556313132055564
0.00014739855618235508
0.00041492368898909645
0.0
0.0026910764971578537
0.0004126513796299009
0.0003406425945769435
0.0009078330351857822
0.00019986775045204217
0.0
0.0
0.0
0.0
0.0
0.0
0.0
0.0
0.0
0.0
0.0
0.0
0.0
0.0
0.0
0.0
0.0
0.0
0.0
0.0
0.0
0.0
0.0
0.0
0.0
0.0
0.0
0.0
0.0
0.0
0.0
0.0
0.0
0.00014363351490739593
7.577447900283579e-05
0.0007430980465524647
0.0
0.0
0.0
0.0
0.00015124476499482118
0.0005436518176076473
0.0014891332395339902
0.00015358773322547882
0.0
0.00047390026365043967
0.0002865024407620529
0.0004662756306956678
0.0005313832293400558
0.0003912260743531667
0.0004963777465113302
0.0010888748832430623
0.0002632779242502443
0.00019470320909669225
0.0005175147109918951
0.0002238566307796195
0.0005057056504726168
0.0
0.0
0.0
0.00035475584708295624
0.00044064410479777725
0.00031213811897439896
0.0008660935852921828
0.00036436238839661464
0.0
0.0006385605247493213
