0.0
0.0
0.0006670874721263766
0.0
0.0
0.0
0.0
0.0
0.0
0.0031392351629476547
0.0
0.0
0.0
0.0
0.0
0.0
0.0
0.0
0.0
0.0
0.0
0.0
0.0
0.0
0.0
0.0
0.0
0.0
0.006099085459441158
0.0009352376389066397
0.0007720361341064756
0.0020575228055946075
0.0
0.0
0.0
0.0
0.0
0.0
0.0
0.0
0.0
0.0
0.0
0.0
0.0
0.0
0.0
0.0
0.0
0.0
0.0
0.0
0.0
0.0
0.0
0.0
0.0
0.0
0.0
0.0
0.0
0.0
0.0
0.0
0.0008793738046568095
0.0
0.0003255325826617469
0.0001717361151089626
0.0
0.0
0.0
0.0
0.0
0.0
0.0
0.0
0.0
0.0008730797181204111
0.0010740527853103925
0.0
0.0
0.0012043328128656728
0.0
0.0
0.0
0.0
0.0
0.0
0.0
0.0011461368648614256
0.0
0.0
0.0
0.0
0.0009986806600254527
0.0
0.0
0.0
0.0
0.0
