0.00029047857332467196
0.00029047857332467196
0.0002943364918766403
0.00029047857332467196
0.00032818006062900655
0.00029047857332467196
0.00031085042046377853
0.0
0.0002743996428274578
0.0
0.004594520848806093
0.0
0.0034250064509281776
0.0
0.004186118995578884
0.0
0.0
0.0
0.0
0.0
0.0
0.0
0.0
0.0
0.00045556313132055564
0.00014739855618235508
0.00041492368898909645
0.0
0.0
0.0
0.0003406425945769435
0.0
0.00019986775045204217
0.000803306417062046
0.0
0.0
0.0017855483867398084
0.0017855483867398084
0.0
0.0
0.0
0.0
0.0
0.0
0.004140117687935161
0.004140117687935161
0.0
0.0
0.0
0.0
0.0
0.0
0.0
0.0
0.0
0.0
0.0
0.0
0.0
0.0
0.0
0.0
0.0
0.0
0.00038800279052739396
0.0003748763279622881
0.00014363351490739593
7.577447900283579e-05
0.0
0.0
0.0
0.0
0.0
0.00015124476499482118
0.0
0.0014891332395339902
0.00015358773322547882
0.00038522567443977464
0.0
0.0
0.0
0.0
0.0
0.0004963777465113302
0.0010888748832430623
0.0
0.0
0.0005175147109918951
0.0002238566307796195
0.0005057056504726168
0.0
0.0032760931269747787
0.0004528253721179081
0.00035475584708295624
0.00044064410479777725
0.00031213811897439896
0.0
0.00036436238839661464
0.0005276620582662459
0.0006385605247493213
