0.0
0.0
0.0
0.0
0.0
0.0
0.0
0.0
0.0
0.0
0.0
0.0
0.0
0.0
0.0
0.0
0.0
0.0
0.0
0.0
0.0
0.0
0.0
0.0
0.0
0.0
0.0
0.0
0.0
0.0
0.0
0.0020575228055946075
0.0
0.0
0.0
0.0
0.0
0.0
0.0
0.0
0.0
0.0
0.0
0.0
0.009383208399140242
0.009383208399140242
0.008290019071085068
0.008290019071085068
0.0
0.0
0.0
0.0
0.008454177864571902
0.008454177864571902
0.009487466270241801
0.009487466270241801
0.0
0.0
0.0
0.0
0.0
0.0
0.0
0.0
0.0008793738046568095
0.0
0.0
0.0
0.0
0.0
0.0
0.0
0.0017533305222212773
0.0003427828038224657
0.0
0.0
0.0
0.0008730797181204111
0.0
0.0
0.0
0.0
0.0
0.0
0.0
0.0005966959918391069
0.0
0.0
0.0
0.0
0.0
0.0
0.0
0.0
0.0
0.0
0.0
0.0
0.0
0.0
