0.0
0.0
0.0
0.0
0.0
0.0
0.0005113768632742524
0.0004907274412418004
0.0
0.0
0.0
0.0
0.0
0.0
0.0
0.0
0.0
0.0
0.007467334437209566
0.0
0.0
0.0
0.0
0.0005959507291234558
0.0
0.00024248386474506808
0.0
0.0
0.0
0.0006788485852008697
0.0005603876657218752
0.0014934668874419133
0.00032880040227501004
0.0
0.00573878479896661
0.00573878479896661
0.002937387480039782
0.002937387480039782
0.0
0.0
0.0
0.0
0.0
0.0
0.0
0.0
0.0
0.0
0.0
0.0
0.0
0.0
0.0
0.0
0.0
0.0
0.0
0.0
0.004591027839173289
0.004591027839173289
0.0
0.0
0.0
0.0
0.0006382994421095715
0.0006167052321277551
0.0002362900336593191
0.000124655824273611
0.0
0.0
0.0
0.0
0.0012726668548016303
0.0002488112237207523
0.0
0.0
0.0
0.0
0.0
0.0
0.0007670652949113787
0.0
0.0
0.0
0.0
0.0
0.0
0.0
0.000368264265174328
0.0
0.0
0.0
0.0
0.0
0.0
0.0
0.0014248017431917103
0.0
0.0
0.0
