0.0005933315949280849
0.0005933315949280849
0.0
0.0005933315949280849
0.0006703406608203189
0.0005933315949280849
0.0
0.0
0.0
0.0
0.0
0.0
0.0
0.0
0.0
0.0
0.0
0.0
0.0
0.0
0.0
0.0
0.0
0.0007399529602131982
0.0
0.00030107632183948594
0.0
0.0
0.0
0.0
0.0
0.0
0.0004082499090831438
0.0
0.007125472950201168
0.007125472950201168
0.0
0.0
0.0
0.0
0.0
0.0
0.0
0.0
0.0
0.0
0.0
0.0
0.0
0.0
0.0
0.0
0.0
0.0
0.0
0.0
0.0
0.0
0.0
0.0
0.0
0.0
0.0
0.0
0.0007925345814847848
0.0
0.00029338584773988796
0.00015477696673807845
0.0
0.0
0.0
0.0
0.0
0.0
0.0
0.0
0.0
0.0007868620435804971
0.0
0.0005852099457199438
0.0
0.0
0.0
0.0
0.0
0.0
0.0
0.0
0.00045724960108242793
0.0
0.0
0.0
0.0
0.0007246243678170679
0.0
0.0
0.0
0.0
0.0
0.0
