0.0004921142359155027
0.0004921142359155027
0.0004986501281112555
0.0004921142359155027
0.000555986205559588
0.0004921142359155027
0.0
0.0
0.0
0.0
0.0
0.0
0.0
0.0
0.0
0.0
0.0
0.0
0.0
0.0
0.0
0.0
0.0
0.0006137232345984683
0.0
0.0
0.0
0.0
0.0
0.0006990932792797449
0.0005770996057707116
0.0
0.0003386059225370859
0.0
0.0
0.0
0.0
0.0
0.0
0.0
0.0
0.0
0.0
0.0
0.0
0.0
0.0
0.0
0.0
0.0
0.0
0.0
0.0
0.0
0.0
0.0
0.0
0.0
0.0047279419554252375
0.0047279419554252375
0.0
0.0
0.0
0.0
0.0006573348753680814
0.0006350966805795094
0.00024333669995516854
0.00012837332340756376
0.0
0.0
0.0
0.0
0.001310620459922807
0.00025623129826672305
0.000921027653654267
0.0
0.0
0.0
0.0
0.0
0.0007899407970079295
0.0
0.0
0.0
0.0
0.0
0.0
0.0
0.00037924668091646294
0.0
0.0
0.0
0.0007671540432480855
0.0
0.0
0.0
0.0
0.0
0.0
0.0010818172270888255
