0.00030681573529069974
0.00030681573529069974
0.0003108906317750294
0.00030681573529069974
0.00034663763821606063
0.00030681573529069974
0.0003283333404884799
0.00031507522460177164
0.00028983248992865083
0.0
0.0
0.0
0.0
0.0
0.0
0.0
0.0
0.0
0.0
0.003521592997097678
0.0
0.0
0.0003578597200288108
0.0
0.000481185016532089
0.00015568857929265946
0.0
0.0
0.0
0.0004358598123461529
0.0
0.0009588915871615365
0.0002111087579162003
0.0
0.0
0.0
0.0018859716050807472
0.0018859716050807472
0.0
0.0
0.0018338249247559337
0.0018338249247559337
0.0
0.0
0.0
0.0
0.0
0.0
0.0
0.0
0.0
0.0
0.0
0.0
0.0
0.0
0.0
0.0
0.0
0.0
0.0032618033497708
0.0032618033497708
0.0
0.0
0.00040982493169107887
0.0
0.00015171178371026976
8.003620447949267e-05
0.0
0.0
0.0
0.0
0.00081712527448057
0.0001597511074556554
0.000574228006741757
0.0
0.0
0.0
0.0005005534700277202
0.00030261597617645445
0.0004925000107327198
0.0005612694057433535
0.0
0.0
0.0011501156320001087
0.0002780852611265112
0.0
0.0005466208910330187
0.00023644682630542937
0.0
0.0
0.0
0.0004782932796538914
0.0
0.0
0.00032969346203151417
0.000914804617636868
0.0003848549406886244
0.0
0.0
