0.0006136314705813995
0.0006136314705813995
0.0
0.0006136314705813995
0.0006932752764321213
0.0006136314705813995
0.0
0.0
0.0
0.0
0.0
0.0
0.0
0.0
0.0
0.0
0.0
0.0
0.0
0.0
0.0
0.0
0.0
0.0007652692474462262
0.000962370033064178
0.0003113771585853189
0.0
0.0
0.0
0.0
0.0
0.0
0.0
0.0
0.0
0.0
0.0
0.0
0.0
0.0
0.0
0.0
0.006266771790110828
0.006266771790110828
0.0
0.0
0.0
0.0
0.0
0.0
0.0
0.0
0.0
0.0
0.0
0.0
0.0
0.0
0.0
0.0
0.0
0.0
0.0
0.0
0.0
0.0
0.0003034235674205395
0.00016007240895898534
0.0
0.0
0.0
0.0
0.0
0.0003195022149113108
0.0
0.0
0.0
0.0
0.0010011069400554405
0.0
0.0
0.0
0.0
0.0
0.0
0.0
0.0
0.0
0.0
0.0
0.0
0.0
0.0009565865593077828
0.0
0.0009308538214550587
0.0
0.0
0.0
0.0
0.0
