0.0
0.0
0.0
0.0
0.0
0.0
0.0008628362133338903
0.0
0.0
0.0
0.0
0.0
0.0
0.0
0.0
0.0
0.0
0.0
0.0
0.0
0.0
0.0
0.0009404293979862186
0.0
0.0
0.0
0.0
0.0
0.0
0.0011454079852800383
0.0
0.0
0.0
0.0
0.0
0.0
0.0
0.0
0.0
0.0
0.0
0.0
0.0
0.0
0.0
0.0
0.0
0.0
0.0
0.0
0.0
0.0
0.0
0.0
0.0
0.0
0.0
0.0
0.0
0.0
0.0
0.0
0.0
0.0
0.0
0.0
0.0
0.00021032934242974156
0.0
0.0008607057535478807
0.0
0.0
0.0
0.0
0.0
0.0
0.0
0.0
0.0
0.0
0.0
0.0014749753040348024
0.0010859371656912512
0.0
0.0
0.0
0.0005404431475765762
0.0
0.0
0.0
0.0
0.0
0.0
0.0
0.0012231081760943569
0.0
0.0
0.0
0.0
0.0
