0.0005225757172444724
0.0005225757172444724
0.0005295161759891256
0.0005225757172444724
0.0005904013112073874
0.0005225757172444724
0.000559225004344951
0.0005366434721029934
0.0004936494575863661
0.0
0.0
0.0
0.0
0.0
0.0
0.0
0.0
0.0
0.0
0.0
0.0
0.0
0.0006095150227212956
0.0
0.0
0.0
0.0
0.0
0.0
0.0007423665994152034
0.0
0.0
0.0
0.0
0.0
0.0
0.0
0.0
0.0
0.0
0.0
0.0
0.0
0.0
0.0
0.0
0.0
0.0
0.0
0.0
0.0
0.0
0.0
0.0
0.0
0.0
0.0
0.0
0.0
0.0
0.0
0.0
0.0
0.0
0.0
0.0
0.0002583990489005264
0.00013631953042358822
0.0
0.000557844201865087
0.007060215679855007
0.003663679487924761
0.0
0.00027209181263190715
0.0
0.0
0.0002763068509034165
0.0006930273059980376
0.0
0.0
0.0
0.0
0.0
0.0
0.0
0.0
0.0
0.0
0.0004027217500095548
0.0
0.0
0.0
0.0
0.0
0.0
0.0
0.0
0.0006554939122495945
0.0
0.0
