0.0
0.0
0.0007193896515252932
0.0
0.0008021069285299436
0.0
0.0
0.0
0.0
0.0033853630660013794
0.0
0.0
0.0
0.0
0.0
0.0
0.0
0.0
0.0
0.0
0.0
0.0
0.0
0.0
0.0
0.0003602577284633706
0.0
0.0
0.0
0.0
0.0
0.0
0.0
0.0
0.0
0.0
0.0
0.0
0.0
0.0
0.0
0.0
0.0
0.0
0.0
0.0
0.0
0.0
0.0
0.0
0.0
0.0
0.0
0.0
0.0
0.0
0.0
0.0
0.0
0.0
0.0
0.0
0.0
0.0
0.0009483200349664009
0.0
0.0003510555676524496
0.00018520087569436346
0.0
0.0
0.0
0.0
0.0
0.0003696582713578383
0.0
0.0
0.0
0.0
0.0
0.0
0.0011396271707331377
0.0
0.0009561980830242733
0.0
0.0
0.0
0.0004758753250399872
0.0
0.0
0.0
0.0
0.0
0.0
0.0
0.0
0.0
0.0
0.0
0.001289662120381478
0.0
