0.0007710100231303007
0.0007710100231303007
0.0
0.0007710100231303007
0.0
0.0007710100231303007
0.0
0.0
0.0
0.0
0.0
0.0
0.0
0.0
0.0
0.0
0.0
0.008928571428571428
0.0
0.0
0.0
0.0
0.0
0.0
0.0
0.0
0.0011013215859030838
0.0
0.0
0.001095290251916758
0.0
0.0
0.0
0.0
0.0
0.0
0.0
0.0
0.0
0.0
0.0
0.0
0.0
0.0
0.0
0.0
0.0
0.0
0.0
0.0
0.0
0.0
0.0
0.0
0.0
0.0
0.0
0.0
0.0
0.0
0.0
0.0
0.0
0.0
0.0
0.0
0.0
0.0
0.0019723865877712033
0.0
0.0
0.0
0.0
0.0
0.0
0.0
0.00040766408479412964
0.0
0.0
0.0
0.0
0.0
0.0
0.0
0.0
0.0
0.0
0.0
0.0
0.0
0.0
0.0
0.0
0.0
0.0
0.0
0.0
0.0
0.0014005602240896359
0.0
