0.0
0.0
0.0006670874721263766
0.0
0.000743790909687946
0.0
0.0
0.0
0.0
0.0
0.0
0.0
0.0
0.0
0.0
0.0
0.0
0.0
0.0
0.0
0.0
0.0
0.0
0.0
0.0010324933063141017
0.0
0.0009403876259050244
0.0
0.0
0.0
0.0
0.0
0.00045298247444125304
0.0018206225252063155
0.0
0.0
0.0
0.0
0.0
0.0
0.0
0.0
0.0
0.0
0.0
0.0
0.0
0.0
0.0
0.0
0.0
0.0
0.0
0.0
0.0
0.0
0.0
0.0
0.0
0.0
0.0
0.0
0.0
0.0
0.0
0.0008496238450962806
0.0
0.0001717361151089626
0.0016841656101020948
0.0
0.0
0.0
0.0
0.0
0.0012321384766547793
0.0
0.0
0.0
0.0
0.0
0.0
0.0
0.0
0.0
0.0
0.0005966959918391069
0.00044127750094147906
0.0
0.0005073511374460856
0.0
0.0
0.0
0.0
0.0
0.0
0.0
0.0
0.0008257949364813946
0.0
0.0
