0.0006831585564326624
0.0006831585564326624
0.0
0.0006831585564326624
0.0007718263481647764
0.0006831585564326624
0.0
0.0
0.0
0.0
0.0
0.0
0.0
0.0
0.0
0.0
0.0
0.0
0.0
0.0
0.01135970061145081
0.0
0.0
0.0
0.0010714106985407052
0.0
0.0
0.0
0.0
0.0
0.0
0.0
0.0
0.0
0.0
0.0
0.0
0.0
0.0
0.0
0.0
0.0
0.0
0.0
0.0
0.0
0.0
0.0
0.0
0.0
0.0
0.0
0.0
0.0
0.0
0.0
0.0
0.0
0.0
0.0
0.0
0.0
0.0
0.0
0.0
0.0
0.0
0.00017820930162774803
0.0
0.0
0.0
0.0
0.0
0.0
0.0012785810212022559
0.0
0.0
0.0
0.0
0.0
0.0
0.0
0.0
0.0
0.0
0.0
0.0
0.0
0.0
0.0
0.0
0.0
0.0010649719323235136
0.0
0.0
0.0
0.0020369118337773867
0.0
0.0012409756970492482
0.001501790928293497
