0.000658343842962037
0.000658343842962037
0.0006670874721263766
0.000658343842962037
0.0
0.000658343842962037
0.0
0.0
0.0
0.0
0.0
0.0
0.0
0.0
0.0
0.0
0.0
0.0
0.0
0.0
0.0
0.0
0.0007678704715123759
0.0
0.0
0.0003340657137409085
0.0
0.0
0.0
0.0
0.0
0.0
0.0
0.0
0.0
0.0
0.0
0.0
0.0
0.0
0.0
0.0
0.0
0.0
0.0
0.0
0.0
0.0
0.0
0.0
0.0
0.0
0.0
0.0
0.0
0.0
0.0
0.0
0.0
0.0
0.0
0.0
0.0
0.0
0.0
0.0
0.0
0.0
0.0
0.0
0.0
0.0
0.0
0.0003427828038224657
0.0
0.0
0.0
0.0
0.0010740527853103925
0.0
0.0
0.0
0.0
0.0
0.0
0.0
0.0
0.0
0.0
0.0011461368648614256
0.0
0.0
0.0
0.0008040225652747289
0.0
0.0007074332761572179
0.0
0.0
0.0011958991096943446
0.001447240617494512
