0.0
0.0
0.0
0.0
0.0
0.0
0.0
0.0
0.0006981844973355972
0.0
0.0
0.0
0.0
0.0
0.0
0.0
0.0
0.0
0.0
0.0
0.0
0.0
0.0
0.0
0.0
0.0
0.0
0.0
0.0
0.0
0.0
0.0023098971441970484
0.0
0.0
0.0
0.0
0.004543162629581873
0.004543162629581873
0.0
0.0
0.0
0.0
0.0
0.0
0.0
0.0
0.0
0.0
0.010534146316942583
0.010534146316942583
0.0
0.0
0.0
0.0
0.0
0.0
0.0
0.0
0.0
0.0
0.0
0.0
0.0
0.0
0.0
0.0
0.0
0.00019280114940502312
0.0
0.0
0.0
0.0
0.0
0.0
0.0
0.0
0.0
0.000980171078570322
0.0
0.0007289789466477375
0.0
0.0
0.0
0.0
0.0
0.0
0.0
0.0
0.0
0.0
0.0
0.0
0.0
0.0
0.0
0.0007942065574496893
0.0
0.0
0.0
0.001624758160748771
