0.0005560882028120054
0.0005560882028120054
0.0005634737492556024
0.0005560882028120054
0.0
0.0005560882028120054
0.0005950877879927154
0.0
0.0005253069184611588
0.0
0.0
0.0
0.0
0.0
0.0
0.0
0.0
0.0
0.0
0.006382711495992664
0.0
0.0
0.0
0.0006935061529299722
0.0
0.0002821777774049965
0.0
0.0
0.0
0.0
0.0006521215181258327
0.0
0.0
0.0
0.0
0.0
0.0
0.0
0.0
0.0
0.0
0.0
0.0
0.0
0.0
0.0
0.0
0.0
0.0
0.0
0.0
0.0
0.0
0.0
0.0
0.0
0.0
0.0
0.0
0.0
0.0
0.0
0.0
0.0
0.0
0.0
0.0
0.00014506162490892418
0.0
0.0
0.0
0.0
0.001480998766010618
0.0002895409068836496
0.0
0.0
0.0002940262531786266
0.0
0.0
0.0005484763490853011
0.0
0.0
0.0
0.0
0.0
0.0
0.0
0.000990723075614246
0.0
0.0
0.0
0.0
0.0
0.0
0.0
0.0005975529403870513
0.0
0.0
0.0
0.0012224515238087644
