0.0
0.0
0.0
0.0
0.0
0.0
0.0
0.0
0.0
0.0
0.0
0.0
0.0
0.0
0.0
0.0
0.0
0.0
0.0
0.0
0.0
0.0
0.0008280744190219202
0.0
0.0
0.0
0.0
0.0
0.0
0.0
0.0
0.0
0.0004884980127068304
0.0
0.0
0.0
0.0
0.0
0.0
0.0
0.0
0.0
0.0
0.0
0.0
0.0
0.0
0.0
0.0
0.0
0.0
0.0
0.0
0.0
0.0
0.0
0.0
0.0
0.0
0.0
0.0
0.0
0.0
0.0
0.0009483200349664009
0.0
0.0003510555676524496
0.00018520087569436346
0.0
0.0
0.009591862020337242
0.0
0.0
0.0
0.0013287427906960682
0.0
0.0003753847345912659
0.0
0.0
0.0
0.0011396271707331377
0.0
0.0
0.0
0.0
0.0
0.0004758753250399872
0.0
0.0005471293844042633
0.0
0.0
0.0
0.0
0.0
0.0010769809987747079
0.0
0.0
0.0
0.0
0.0
