5.8381429404871506e-05
5.8381429404871506e-05
5.9156807764154956e-05
5.8381429404871506e-05
6.595881005062573e-05
5.8381429404871506e-05
6.24758365826059e-05
5.995305933342703e-05
5.5149828068549416e-05
0.0002783849777136704
0.0
0.0
0.0
0.0
0.0
0.0007887574368553994
0.0
0.0
0.0
0.0
0.0
0.0004278006437181827
6.809416721053807e-05
7.280837878665226e-05
9.156071818393996e-05
2.962469246405256e-05
8.339285676004223e-05
0.0
0.000540862242415131
8.293615984459841e-05
6.846357498925709e-05
0.0001824595516581165
4.017014002022193e-05
0.00016145141564630777
0.0007011177216492439
0.0007011177216492439
0.0003588659428346841
0.0003588659428346841
0.0
0.0
0.00034894338220331034
0.00034894338220331034
0.0005962260940009319
0.0005962260940009319
0.00083209575756174
0.00083209575756174
0.0007351525625060032
0.0007351525625060032
0.00083209575756174
0.00083209575756174
0.0008142012251410575
0.0008142012251410575
0.0
0.0
0.0008413412659790927
0.0008413412659790927
0.0007351525625060032
0.0007351525625060032
0.0005608941773193951
0.0005608941773193951
0.0006206615896567078
0.0006206615896567078
0.0005693286762264537
0.0005693286762264537
7.798219767056472e-05
7.534399396827695e-05
2.8867980914265477e-05
1.5229427582083334e-05
0.00014935052058800461
6.232157525771057e-05
0.0007887574368553994
0.0004093011564222613
0.0001554840121932615
3.0397717357735185e-05
0.00010926509947780424
0.00029929135943920293
3.086861554754111e-05
7.742404288151161e-05
9.52461810542369e-05
5.758229196815083e-05
9.371375487390884e-05
0.00010679931444022334
7.863002485785912e-05
9.976378647973431e-05
0.00021884599404080446
5.291454503013161e-05
3.9132151906004306e-05
0.0001040119696952175
4.4991511549684106e-05
0.00010163854219881656
0.0
0.0006584409907662464
9.101047348331532e-05
7.130010728636378e-05
8.856223852411502e-05
6.273464286505248e-05
0.00017407060675429505
7.323086454363476e-05
0.00010605142008139823
0.00012834019311545481
