0.00030681573529069974
0.00030681573529069974
0.0003108906317750294
0.00030681573529069974
0.00034663763821606063
0.00030681573529069974
0.0
0.0
0.0
0.0
0.0
0.0
0.0
0.004233404347574868
0.0
0.0
0.0
0.0
0.0
0.0
0.0
0.0022482486365651842
0.0
0.0
0.000481185016532089
0.0
0.00043825992144497537
0.0
0.0
0.0004358598123461529
0.0003598010928318604
0.0009588915871615365
0.0002111087579162003
0.0008484861592154319
0.0
0.0
0.0018859716050807472
0.0018859716050807472
0.0
0.0
0.0
0.0
0.0
0.0
0.0043729671282641495
0.0043729671282641495
0.0
0.0
0.0
0.0
0.0
0.0
0.003940000085861759
0.003940000085861759
0.0
0.0
0.0038634952298256075
0.0038634952298256075
0.0029477037679410192
0.0029477037679410192
0.0
0.0
0.0
0.0
0.00040982493169107887
0.0
0.0
8.003620447949267e-05
0.0
0.0
0.0
0.0
0.00081712527448057
0.0001597511074556554
0.0
0.0
0.0
0.00040689162440903646
0.0
0.00030261597617645445
0.0004925000107327198
0.0
0.00041322950017864756
0.0
0.0
0.0
0.000205653751251699
0.0005466208910330187
0.0
0.0005341476626470304
0.0
0.0
0.0004782932796538914
0.00037470810609419736
0.0
0.0
0.0
0.0003848549406886244
0.0005573389477199406
0.0
