0.0
0.0
0.0
0.0
0.0
0.0
0.0
0.0
0.0
0.0
0.0
0.0
0.0
0.0
0.0
0.0
0.0
0.0
0.0
0.0
0.0
0.0
0.0005913465100519729
0.0006322858838248018
0.0007951358152089405
0.0002572681217440508
0.0007242040960107862
0.0
0.0
0.0
0.0
0.0
0.00034884738417920093
0.0014020838361999868
0.0
0.0
0.0
0.0
0.0
0.0
0.003030310226625778
0.003030310226625778
0.0
0.0
0.0
0.0
0.0
0.0
0.0
0.0
0.0
0.0
0.0
0.0
0.0
0.0
0.0
0.0
0.0
0.0
0.0
0.0
0.0
0.0
0.0
0.0006543057902266605
0.0002506966523743019
0.00013225609798427068
0.0
0.0
0.0
0.0
0.001350261435683355
0.0002639812602078659
0.000948885020458577
0.0
0.0002680706560039926
0.0
0.0008271412819846462
0.0
0.0
0.0
0.0006828424913580413
0.0
0.0019005124831728145
0.0
0.0
0.0
0.0
0.0008826541197017367
0.0
0.0
0.0
0.0
0.0
0.0
0.0015116719981098708
0.0006359548541371313
0.0
0.0
