0.0
0.0
0.0
0.0
0.0
0.0
0.0009528894059288311
0.0
0.0
0.00424596308818288
0.0
0.0
0.0
0.0
0.0
0.0
0.0
0.0
0.0
0.0
0.0
0.0
0.0
0.0
0.0
0.0
0.0
0.0
0.0
0.0
0.0
0.0
0.0
0.0
0.0
0.0
0.0
0.0
0.0
0.0
0.0
0.0
0.0
0.0
0.0
0.0
0.0
0.0
0.0
0.0
0.0
0.0
0.0
0.0
0.0
0.0
0.0
0.0
0.0
0.0
0.0
0.0
0.0
0.0
0.0
0.0
0.0
0.00023228116652971505
0.0
0.0
0.0
0.0
0.0
0.0
0.0
0.0
0.00047081205054453457
0.0
0.0
0.0
0.0
0.0
0.0
0.0
0.0
0.0
0.000596848558132167
0.0
0.0006862162566760211
0.0
0.0
0.0
0.0
0.0010874783050713213
0.0
0.0
0.0
0.0
0.0
0.0
