0.0
0.0
0.0
0.0
0.0008710801393728223
0.0
0.0
0.0
0.0
0.0
0.0
0.0
0.0
0.0
0.011111111111111112
0.0
0.0
0.0
0.0
0.0
0.0
0.005649717514124294
0.0
0.0
0.0
0.0
0.0
0.0
0.0
0.0
0.0
0.0
0.0
0.0
0.0
0.0
0.0
0.0
0.0
0.0
0.0
0.0
0.0
0.0
0.0
0.0
0.0
0.0
0.0
0.0
0.0
0.0
0.0
0.0
0.0
0.0
0.0
0.0
0.0
0.0
0.0
0.0
0.0
0.0
0.0010298661174047373
0.0
0.0
0.00020112630732099757
0.0
0.0
0.0
0.0
0.0
0.0004014452027298274
0.001443001443001443
0.0
0.0
0.0
0.0
0.0
0.0
0.0
0.0
0.0013175230566534915
0.0
0.0
0.0
0.0
0.0
0.0013422818791946308
0.0
0.0
0.0
0.0
0.0
0.0
0.0
0.0
0.0014005602240896359
0.0
