0.0005560882028120054
0.0005560882028120054
0.0005634737492556024
0.0005560882028120054
0.000628263413804156
0.0005560882028120054
0.0
0.0
0.0
0.0
0.0
0.0
0.006556785445883373
0.0
0.0
0.0
0.0
0.0
0.0
0.0
0.0
0.0
0.0
0.0006935061529299722
0.0008721238198877521
0.0002821777774049965
0.0
0.0
0.0
0.0
0.0
0.0
0.0
0.0
0.0
0.0
0.0
0.0
0.0
0.0
0.0
0.0
0.0
0.0
0.0
0.0
0.0
0.0
0.0
0.0
0.0
0.0
0.0
0.0
0.0
0.0
0.0
0.0
0.0
0.0
0.0
0.0
0.0
0.0
0.0
0.0
0.00027497003394859744
0.0
0.0014225767239589174
0.0
0.0
0.0
0.0
0.0
0.0010407595945846624
0.0
0.0
0.0
0.0009072281749021019
0.0
0.0
0.0
0.0
0.0
0.0
0.0
0.0
0.0
0.0004285480683583904
0.0
0.0
0.0
0.0008668826911624652
0.0006791397354493136
0.0
0.0005975529403870513
0.0
0.0
0.0010101490182733489
0.0
