0.00023209714391980046
0.00023209714391980046
0.00023517968411248532
0.00023209714391980046
0.0
0.00023209714391980046
0.0002483745838811726
0.0002383452063847832
0.0002192498147589084
0.001106727925235225
0.0
0.0
0.0027366363242180107
0.0
0.0
0.0
0.0
0.0
0.0
0.0
0.0
0.0
0.00027071042775537877
0.00028945191890767427
0.0003640024131366157
0.00011777386371830251
0.0003315308322290542
0.0
0.0021502142547427227
0.0003297152197853025
0.0
0.0
0.00015969761043182026
0.0
0.0
0.0
0.0
0.0
0.0020760689356136633
0.0020760689356136633
0.0
0.0
0.002370314926488041
0.002370314926488041
0.0
0.0
0.0
0.0
0.00330802193037342
0.00330802193037342
0.0
0.0
0.0
0.0
0.0
0.0
0.002922621317126031
0.002922621317126031
0.0
0.0
0.002467458980852305
0.002467458980852305
0.0
0.0
0.0003100205928568292
0.00029953233399401114
0.00011476553399313047
6.054505142075245e-05
0.0
0.0
0.0
0.0
0.000618131407934253
0.000120847047637086
0.000434386718129843
0.0
0.0001227191176779377
0.0
0.00037865408259620274
0.00022892014879390203
0.0
0.0004245839148998324
0.0003125960494953076
0.0
0.0008700288892022577
0.0
0.00015557105719068794
0.0
0.00017886511922993536
0.0004040671082738002
0.0
0.0
0.0003618148986345928
0.0002834557397965925
0.0
0.0002494034761093465
0.0006920229785378878
0.0002911315238529799
0.00042161063818484763
0.0
