0.00047786334486383495
0.00047786334486383495
0.00048420996741280783
0.00047786334486383495
0.0005398856779515627
0.00047786334486383495
0.0005113768632742524
0.0
0.0004514120599332804
0.0
0.0
0.0
0.0
0.0
0.006886541758759933
0.0
0.0
0.0
0.0
0.0
0.0
0.003501631402759288
0.0
0.0
0.0
0.0
0.0
0.0
0.0
0.0006788485852008697
0.0005603876657218752
0.0
0.00032880040227501004
0.0
0.0
0.0
0.0
0.0
0.0
0.0
0.0
0.0
0.0
0.0
0.0
0.0
0.0
0.0
0.0
0.0
0.0
0.0
0.0
0.0
0.0
0.0
0.0
0.0
0.0
0.0
0.0
0.0
0.0
0.0
0.0006382994421095715
0.0
0.0
0.000124655824273611
0.0012224630340993965
0.0
0.0
0.0
0.0
0.0
0.0008943560725662251
0.0
0.0
0.0
0.0007796085009916905
0.0
0.0
0.0008741731428609223
0.0
0.0
0.0
0.0
0.0
0.0
0.0
0.0
0.0
0.0
0.0
0.0
0.0
0.0005134952429895559
0.0014248017431917103
0.0005994088571454488
0.0008680514821966302
0.0010504894208277864
