0.0
0.0
0.0
0.0
0.0
0.0
0.0
0.0
0.0
0.0
0.0
0.0
0.0
0.0
0.0
0.0
0.0
0.0
0.0
0.0
0.0
0.0
0.0
0.0
0.0
0.0
0.0
0.0
0.0
0.0
0.0
0.0
0.0005547785095812599
0.0
0.0
0.0
0.0
0.0
0.0
0.0
0.0
0.0
0.0
0.0
0.0
0.0
0.0
0.0
0.0
0.0
0.0
0.0
0.0
0.0
0.0
0.0
0.0
0.0
0.0
0.0
0.0
0.0
0.0
0.0
0.0010769902065506437
0.0
0.0
0.0
0.002062638048443146
0.0
0.0
0.0
0.0
0.0
0.0015090295679086219
0.0
0.0
0.0
0.0013154182271203458
0.0
0.0
0.0014749753040348024
0.0
0.0
0.0
0.0
0.0005404431475765762
0.0014364800694514769
0.0
0.0
0.0
0.0
0.0
0.0
0.0
0.0008664105141347763
0.0
0.0
0.0
0.0
