0.0
0.0
0.0
0.0
0.0
0.0
0.0
0.0
0.0
0.0
0.0
0.0
0.0
0.0
0.0
0.0
0.0
0.0
0.0
0.0
0.0
0.0
0.0
0.0
0.0
0.0
0.0
0.0
0.0
0.0
0.0
0.0
0.0
0.0
0.0
0.0
0.004199320605180869
0.004199320605180869
0.0
0.0
0.0
0.0
0.0
0.0
0.00973688623838641
0.00973688623838641
0.008602491725176341
0.008602491725176341
0.0
0.0
0.0
0.0
0.008772838095971914
0.008772838095971914
0.00984507386325737
0.00984507386325737
0.0
0.0
0.0
0.0
0.0
0.0
0.0
0.0
0.0009125197195604152
0.0
0.0
0.0
0.0
0.0
0.0
0.0
0.0
0.0
0.0
0.0
0.0
0.0009059883923242979
0.0
0.0
0.0
0.0
0.0
0.0
0.0
0.0
0.0004579104122445288
0.0
0.0
0.0
0.0
0.0
0.0
0.0
0.0
0.0
0.0
0.0
0.0
0.0
