0.0005933315949280849
0.0005933315949280849
0.0006012117801732236
0.0005933315949280849
0.0006703406608203189
0.0005933315949280849
0.0006349431341763417
0.0
0.000560488768114877
0.0
0.0
0.0
0.0
0.0
0.0
0.0
0.0
0.0
0.0
0.0
0.0
0.0
0.0
0.0
0.0
0.0
0.0
0.0
0.0
0.0
0.0
0.0
0.0004082499090831438
0.0
0.0
0.0
0.0
0.0
0.0
0.0
0.0
0.0
0.0
0.0
0.0
0.0
0.0
0.0
0.0
0.0
0.0
0.0
0.0
0.0
0.0
0.0
0.0
0.0
0.0
0.0
0.0
0.0
0.0
0.0
0.0
0.0
0.00029338584773988796
0.00015477696673807845
0.0
0.0
0.0
0.0
0.0
0.0
0.0
0.0
0.0
0.0
0.000967988778140536
0.0
0.0
0.0
0.0007991184617048039
0.0
0.0
0.0
0.0
0.0
0.0
0.0
0.0
0.0
0.0
0.0
0.0
0.0006375733874247937
0.0
0.0007442466911235262
0.0010778026311228657
0.0013043238620707221
