0.0
0.0
0.0
0.0
0.0
0.0
0.0
0.0
0.0005253069184611588
0.0
0.0
0.0
0.0
0.0
0.0
0.0
0.00848525175349613
0.0
0.0
0.0
0.0
0.0
0.0006486028768409812
0.0006935061529299722
0.0
0.0002821777774049965
0.0007943242280255188
0.0
0.0
0.0
0.0
0.0
0.000382624084375157
0.0
0.0
0.0
0.0
0.0
0.0
0.0
0.0
0.0
0.0
0.0
0.0
0.0
0.0
0.0
0.0
0.0
0.0
0.0
0.0
0.0
0.0
0.0
0.0
0.0
0.0
0.0
0.0
0.0
0.0
0.0
0.0
0.0
0.0
0.00014506162490892418
0.0
0.0005936184354297703
0.0
0.0
0.001480998766010618
0.0002895409068836496
0.0010407595945846624
0.0
0.0
0.0
0.0
0.0
0.0
0.0
0.0007489578390936355
0.0
0.002084527164876217
0.0
0.0003727371571303209
0.000990723075614246
0.0
0.0
0.0
0.0
0.0
0.0
0.0
0.0005975529403870513
0.0
0.0006975303665833376
0.0
0.0012224515238087644
