0.0
0.0
0.0006670874721263766
0.0
0.0
0.0
0.0
0.0006760664800647364
0.0
0.0
0.0
0.0
0.0
0.00908374430129534
0.0
0.0
0.0
0.0
0.0
0.0
0.0
0.0
0.0
0.0008210307349247713
0.0
0.0
0.0
0.0
0.0
0.0
0.0
0.0
0.00045298247444125304
0.0
0.0
0.0
0.0
0.0
0.0
0.0
0.0
0.0
0.0
0.0
0.0
0.0
0.0
0.0
0.0
0.0
0.0
0.0
0.0
0.0
0.0
0.0
0.0
0.0
0.0
0.0
0.0
0.0
0.0
0.0
0.0008793738046568095
0.0008496238450962806
0.0
0.0
0.0016841656101020948
0.0
0.0
0.0
0.0
0.0
0.0
0.0
0.00034809293286659684
0.0008730797181204111
0.0010740527853103925
0.0
0.0
0.0012043328128656728
0.0
0.001124996000423929
0.0
0.0
0.0
0.0011729010498925303
0.0
0.0
0.0
0.0
0.0
0.0
0.0
0.0
0.0
0.0
0.0
0.0
