0.0
0.0
0.0
0.0
0.0
0.0
0.0
0.0
0.0
0.0
0.0
0.0
0.0
0.0
0.0
0.0
0.0
0.0
0.0
0.0
0.0
0.0
0.0
0.0
0.0
0.0
0.0
0.0
0.005496793418726615
0.0
0.00069579663528185
0.0
0.0
0.0
0.0
0.0
0.0
0.0
0.00530724881808087
0.00530724881808087
0.0
0.0
0.0
0.0
0.0
0.0
0.0
0.0
0.0
0.0
0.0
0.0
0.0076193176101161005
0.0076193176101161005
0.0
0.0
0.0
0.0
0.0
0.0
0.0
0.0
0.0057860983355017
0.0057860983355017
0.0007925345814847848
0.0007657224662902747
0.0
0.00015477696673807845
0.0
0.0
0.0
0.0
0.0
0.0
0.0
0.0
0.0
0.0007868620435804971
0.0
0.0005852099457199438
0.0
0.0
0.0
0.001013901289356688
0.0
0.0005377715434114089
0.0
0.0010570756574474261
0.0
0.0
0.0
0.0
0.0
0.0
0.0009000597410780423
0.0
0.0
0.0
0.0
0.0
