0.0002825994945415679
0.0002825994945415679
0.0002863527690784481
0.0002825994945415679
0.0003192783487982696
0.0002825994945415679
0.0
0.00029020708188472964
0.0
0.0013475424427221085
0.0
0.0
0.0
0.0038992717491533354
0.0
0.0
0.0
0.0032726030751822634
0.0
0.0032436419860213585
0.0
0.002070799685991037
0.0
0.0
0.00044320622058091115
0.00014340044773881593
0.00040366910178459643
0.0
0.0
0.0
0.00033140284305643175
0.0008832085407720809
0.0
0.0007815171522823316
0.0
0.0
0.0
0.0
0.0
0.0
0.0
0.0
0.0
0.0
0.0
0.0
0.0
0.0
0.0
0.0
0.0
0.0
0.0
0.0
0.0
0.0
0.0
0.0
0.0
0.0
0.0030043569214787996
0.0030043569214787996
0.0
0.0
0.00037747841855861327
0.0
0.00013973753123157207
7.371913604593997e-05
0.0007229419022098887
0.0003016720530209165
0.0
0.0
0.0007526315080501304
0.00014714233015672965
0.0005289055475042042
0.0
0.00014942174660432676
0.0003747766302867214
0.0004610459678244195
0.0
0.0
0.0
0.00038061427250302545
0.00048291376076470824
0.0010593397237584205
0.0
0.00018942198678057544
0.0
0.00021778463720761352
0.000491988650228743
0.0
0.0
0.0004405427216591509
0.0
0.0
0.0003036715363880808
0.0008426012515411805
0.0003544792499230305
0.0005133495019893747
0.0006212399057973111
