0.0
0.0
0.0
0.0
0.0
0.0
0.0
0.0
0.0
0.0
0.0
0.0
0.0
0.0
0.0
0.0
0.0
0.0
0.0
0.0
0.0
0.0
0.0007409251267484881
0.0
0.0009962620809483903
0.0003223430128890136
0.0
0.0
0.0
0.0009024192124253217
0.0
0.0
0.0
0.0
0.0
0.0
0.0
0.0
0.0
0.0
0.0
0.0
0.0
0.0
0.0
0.0
0.0
0.0
0.0
0.0
0.0
0.0
0.0
0.0
0.0
0.0
0.0
0.0
0.0
0.0
0.0
0.0
0.0
0.0
0.0
0.0
0.00031410931793531026
0.00016570972263562324
0.0016250665501860331
0.0
0.0
0.0
0.0
0.0003307542115392689
0.001188901502084154
0.0
0.0
0.0
0.0
0.0
0.0010196890358221767
0.0011620715669172338
0.0
0.0
0.0
0.0
0.0
0.0
0.0004895476773287694
0.0
0.0
0.0
0.0
0.0007758086072922022
0.0
0.0006826087331767346
0.0
0.0
0.0011539338108463848
0.0
