0.0
0.0
0.0
0.0
0.0
0.0
0.0
0.0
0.0
0.0
0.0
0.0
0.0
0.0
0.0
0.0
0.0
0.0
0.0
0.0
0.0
0.0
0.0008280744190219202
0.0
0.0011134446843438636
0.0
0.0
0.0
0.0
0.0
0.0008325666853095617
0.0
0.0004884980127068304
0.0
0.0
0.0
0.0
0.0
0.0
0.0
0.0
0.0
0.0
0.0
0.0
0.0
0.0
0.0
0.0
0.0
0.0
0.0
0.0
0.0
0.0
0.0
0.0
0.0
0.0
0.0
0.0
0.0
0.0
0.0
0.0
0.0
0.0003510555676524496
0.00018520087569436346
0.0
0.0
0.0
0.0
0.0
0.0003696582713578383
0.0
0.0
0.0
0.0
0.0
0.0
0.0
0.001298757057760755
0.0009561980830242733
0.0
0.0
0.0
0.0
0.0
0.0
0.0012359983274528527
0.0
0.0
0.0
0.0008670609735898071
0.0
0.0
0.0
0.0
0.001289662120381478
0.0
