0.0005741923630660708
0.0005741923630660708
0.0
0.0005741923630660708
0.0006487173300493849
0.0005741923630660708
0.0006144616294527178
0.0
0.0
0.0
0.0
0.0
0.0
0.0
0.0
0.0
0.0
0.0
0.0
0.0
0.0
0.0
0.0006697189702308398
0.0
0.0
0.0002913644346231197
0.0
0.0
0.0
0.0
0.0006733521653677159
0.0
0.0003950808991494397
0.0
0.0
0.0
0.0
0.0
0.0
0.0
0.0
0.0
0.0
0.0
0.0
0.0
0.0
0.0
0.0
0.0
0.0
0.0
0.0
0.0
0.0
0.0
0.0
0.0
0.0
0.0
0.0
0.0
0.0
0.0
0.0
0.0
0.0002839220338912291
0.0
0.0014688905224786862
0.0
0.0
0.004025554026468616
0.0
0.0
0.0
0.0
0.0
0.0
0.0009367641445241432
0.0
0.0
0.0
0.0
0.0
0.0
0.0
0.0
0.0
0.0
0.000999634221337844
0.0
0.006475891259971251
0.0
0.0007012499951946269
0.0
0.0
0.0
0.0
0.0010430357071382268
0.0
