0.0006352418974127361
0.0006352418974127361
0.0
0.0006352418974127361
0.0
0.0006352418974127361
0.0
0.0
0.0
0.0
0.0
0.0
0.0
0.0
0.0
0.0
0.0
0.0
0.0
0.0
0.0
0.0
0.0
0.0007922199432156911
0.0
0.0
0.0
0.0
0.0
0.0
0.0
0.0
0.0
0.0
0.0
0.0
0.0
0.0
0.0
0.0
0.0
0.0
0.0
0.0
0.0
0.0
0.0
0.0
0.0
0.0
0.0
0.0
0.0
0.0
0.0
0.0
0.0
0.0
0.0
0.0
0.0
0.0
0.0
0.0
0.0
0.0008198096924819092
0.00031410931793531026
0.00016570972263562324
0.0
0.0006781141900776286
0.0
0.0
0.0016918043961895663
0.0003307542115392689
0.0
0.0
0.0
0.0
0.0
0.0
0.0
0.0011620715669172338
0.0
0.0010855187627724886
0.0
0.0005757573311979866
0.0004257926309789761
0.0
0.0
0.0
0.0
0.0
0.0
0.0
0.0
0.0
0.0
0.0
0.0
0.0
