0.0
0.0
0.0
0.0
0.0
0.0
0.00048269525744982014
0.0
0.0
0.0
0.0
0.0
0.0
0.0
0.0
0.0
0.0
0.0
0.0
0.0
0.0
0.0
0.0
0.0
0.0007074082854040894
0.00022888366667808373
0.0
0.0
0.0
0.0006407739890790603
0.000528957189899803
0.0
0.0003103589665937305
0.001247391582151774
0.0
0.0
0.0
0.0
0.0
0.0
0.0
0.0
0.0
0.0
0.0
0.0
0.0
0.0
0.0
0.0
0.0
0.0
0.0
0.0
0.0
0.0
0.0
0.0
0.0
0.0
0.0
0.0
0.0
0.0
0.0
0.0005821160716708278
0.00022303722913807932
0.00011766425020699557
0.0
0.0004815034173079687
0.0
0.0
0.0012012867598135155
0.0
0.0008441943030724127
0.0
0.00023849435467965024
0.0
0.0007358825811687824
0.00044488718785489124
0.0007240428861747302
0.0008251433738070269
0.0
0.0007707861028052465
0.0
0.0004088236562048791
0.0003023393550538408
0.0008036080385016237
0.00034760941891216995
0.0007852706738646738
0.0
0.0
0.0
0.0005508725536997948
0.0
0.0
0.0
0.0005657897988676809
0.0
0.0
