0.0005741923630660708
0.0005741923630660708
0.0005818183553880421
0.0005741923630660708
0.0
0.0005741923630660708
0.0006144616294527178
0.0
0.0005424089547681675
0.0
0.0
0.0
0.0
0.0
0.0
0.0
0.0
0.0
0.0
0.0
0.0
0.0
0.0
0.0
0.0009005169224869333
0.0002913644346231197
0.0008201844657452576
0.0
0.0
0.0
0.0
0.0
0.0003950808991494397
0.0
0.0
0.0
0.0
0.0
0.0
0.0
0.0
0.0
0.0
0.0
0.0
0.0
0.0
0.0
0.0
0.0
0.0
0.0
0.0
0.0
0.0
0.0
0.0
0.0
0.0
0.0
0.0
0.0
0.0
0.0
0.0
0.0
0.0
0.0001497842910089891
0.0
0.0
0.0
0.0
0.0
0.0
0.0
0.0
0.0
0.0007614800561315889
0.0
0.0
0.0
0.0
0.0
0.0
0.0
0.0005204245247356351
0.00038487209038588825
0.0
0.00044249999696773255
0.0
0.0
0.0
0.0
0.0007012499951946269
0.0008710263098206946
0.0
0.0
0.0
0.0
0.0
