0.0
0.0
0.0
0.0
0.0
0.0
0.0
0.00038122411727799883
0.0
0.0
0.0
0.0
0.0
0.0
0.0
0.0
0.0
0.0
0.0
0.0
0.0
0.0
0.0004329910612608926
0.0004629673655020313
0.0
0.0001883748279037999
0.0005302709913239125
0.0
0.0
0.0005273669880855559
0.0004353400181935918
0.0011602073737882232
0.0
0.0
0.0
0.0
0.0
0.0
0.0
0.0
0.0
0.0
0.0
0.0
0.005291055605737501
0.005291055605737501
0.004674621942933131
0.004674621942933131
0.0
0.0
0.00517726946367863
0.00517726946367863
0.0
0.0
0.0
0.0
0.0
0.0
0.0
0.0
0.0
0.0
0.0
0.0
0.0
0.0004790906070866791
0.0001835631186130814
9.683951329889632e-05
0.000949676647183654
0.0003962848231457716
0.0
0.0
0.000988677741523845
0.00019329026901730733
0.0
0.0
0.00019628457404081227
0.0
0.0
0.0003661490951498954
0.0005958985892600403
0.0
0.0
0.0006343689856681325
0.0013915782084454118
0.00033646824606716456
0.00024883000523106587
0.0
0.0002860879739287656
0.0006462900135867282
0.0
0.0
0.0
0.0
0.0005631415907860966
0.0003989114002668703
0.0
0.0
0.0006743502242606618
0.0
