0.0004262466990422365
0.0004262466990422365
0.0
0.0004262466990422365
0.0
0.0004262466990422365
0.0004561402381664858
0.0
0.00040265256275147913
0.0
0.0
0.0
0.0
0.0
0.0
0.0
0.0
0.0
0.0
0.0
0.0
0.0
0.0
0.000531578816017097
0.0
0.0
0.0006088567936759701
0.0
0.0
0.0006055224191213371
0.0004998571145187891
0.0013321493220669418
0.00029328486400943273
0.0
0.0
0.0
0.0026201041168615207
0.0026201041168615207
0.0
0.0
0.0
0.0
0.0
0.0
0.0
0.0
0.0
0.0
0.0
0.0
0.0
0.0
0.0
0.0
0.0
0.0
0.0
0.0
0.0
0.0
0.0
0.0
0.0
0.0
0.0005693532117999802
0.0
0.0002107670486686164
0.00011119106368821013
0.0
0.0
0.0
0.0
0.0
0.0002219357561853797
0.0
0.0
0.0
0.0005652780865621481
0.0006953987027141896
0.000420412143465993
0.0
0.0007797488979658403
0.0005740830411814961
0.0
0.0
0.0
0.0
0.0
0.0003284860182161502
0.0
0.0
0.0
0.0
0.0
0.0006465987937517904
0.00045802980004787136
0.0
0.0005346634126284147
0.0
0.0009370202858606454
