0.0
0.0
0.0006012117801732236
0.0
0.0
0.0
0.0
0.0
0.0
0.0028292319066975224
0.0
0.0
0.0
0.0
0.0
0.0
0.0
0.0
0.0
0.0
0.0
0.0
0.0006920423368900415
0.0007399529602131982
0.0
0.00030107632183948594
0.0
0.0
0.0
0.0
0.00069579663528185
0.0
0.0
0.0
0.0
0.0
0.0
0.0
0.0
0.0
0.0
0.0
0.0
0.0
0.0
0.0
0.0
0.0
0.0
0.0
0.0
0.0
0.0
0.0
0.0
0.0
0.0
0.0
0.0
0.0
0.0
0.0
0.0
0.0
0.0
0.0
0.00029338584773988796
0.00015477696673807845
0.0015178522260783553
0.0006333753733512149
0.0
0.0
0.0
0.0003089325887682562
0.0
0.0
0.0
0.0
0.000967988778140536
0.0
0.0
0.0
0.0
0.0
0.0
0.0005377715434114089
0.0003977008158251814
0.0
0.00045724960108242793
0.0
0.0
0.0
0.0
0.0
0.0
0.0
0.0
0.0
0.0010778026311228657
0.0013043238620707221
