0.0
0.0
0.0
0.0
0.0
0.0
0.0005113768632742524
0.0004907274412418004
0.0004514120599332804
0.0
0.0
0.0
0.0
0.0
0.0
0.0
0.0
0.0
0.0
0.0
0.0
0.0
0.0005573639912665414
0.0
0.0007494422712072479
0.0
0.0006825867382030771
0.0
0.0
0.0006788485852008697
0.0
0.0
0.00032880040227501004
0.0
0.0
0.0
0.0
0.0
0.0
0.0
0.0
0.0
0.0
0.0
0.0
0.0
0.0
0.0
0.0
0.0
0.0
0.0
0.0
0.0
0.0
0.0
0.0
0.0
0.0
0.0
0.0
0.0
0.0
0.0
0.0
0.0006167052321277551
0.0
0.000124655824273611
0.0012224630340993965
0.0
0.0
0.0
0.0012726668548016303
0.0002488112237207523
0.0
0.0
0.00025266561691332816
0.0006337308366956994
0.0
0.0
0.0
0.0008741731428609223
0.0006436020335289657
0.0
0.0
0.0
0.0003203042678492992
0.0008513581844620797
0.000368264265174328
0.0
0.0
0.005389467463377339
0.0
0.0005836052337932147
0.0007248991325010456
0.0
0.0
0.0005994088571454488
0.0
0.0
