0.0
0.0
0.0
0.0
0.0
0.0
0.0004314181066669452
0.0
0.0
0.0
0.0
0.009682939727413659
0.0
0.0
0.0
0.0
0.0
0.0
0.0
0.0
0.0
0.0
0.0
0.0
0.0
0.00020456914917071112
0.0
0.0
0.0
0.0
0.0
0.0012599487838080427
0.0
0.0
0.004841469863706829
0.004841469863706829
0.0024780983188641597
0.0024780983188641597
0.0
0.0
0.0024095794713379615
0.0024095794713379615
0.0041171554746483275
0.0041171554746483275
0.0
0.0
0.0
0.0
0.0
0.0
0.0
0.0
0.0
0.0
0.0
0.0
0.0
0.0
0.0
0.0
0.0
0.0
0.0
0.0
0.0
0.0005202773584878981
0.0001993437839421798
0.00010516467121487079
0.0010313190242215733
0.0004303528767739404
0.0
0.0
0.0010736729882553134
0.0002099071639021829
0.0
0.0
0.00021315888515301167
0.0005346408438449261
0.0
0.0
0.0
0.0007374876520174014
0.0005429685828456257
0.0
0.0015112102464749642
0.0
0.0
0.0007182400347257385
0.000310682558098834
0.0
0.0
0.0
0.0
0.0
0.0006115540880471785
0.00043320525706738825
0.0
0.0005056854403098043
0.0
0.0008862351614920977
