0.0
0.0
0.0
0.0
0.0
0.0
0.0
0.0
0.0005253069184611588
0.0026516411729675406
0.0
0.0
0.0
0.0
0.0
0.0
0.0
0.0
0.0
0.0
0.0
0.0
0.0
0.0006935061529299722
0.0
0.0
0.0
0.0
0.0
0.0
0.0006521215181258327
0.0
0.0
0.0
0.0
0.0
0.003418229379370479
0.003418229379370479
0.0
0.0
0.0
0.0
0.0
0.0
0.0
0.0
0.0
0.0
0.0
0.0
0.0
0.0
0.0
0.0
0.0
0.0
0.0
0.0
0.0
0.0
0.0
0.0
0.0
0.0
0.0
0.0007176581085046478
0.00027497003394859744
0.00014506162490892418
0.0
0.0005936184354297703
0.0
0.0
0.001480998766010618
0.0002895409068836496
0.0
0.0
0.0002940262531786266
0.0007374707556719541
0.0
0.0
0.0
0.0
0.0
0.0
0.0
0.0005040156527233899
0.0003727371571303209
0.000990723075614246
0.0004285480683583904
0.0
0.0
0.0
0.0
0.0
0.0008435630398212527
0.0
0.0
0.0
0.0
0.0
