0.0005741923630660708
0.0005741923630660708
0.0005818183553880421
0.0005741923630660708
0.0
0.0005741923630660708
0.0
0.0005896496396648408
0.0
0.0
0.0
0.0
0.0
0.0
0.0
0.0
0.0
0.0
0.0
0.0
0.0
0.0
0.0006697189702308398
0.0
0.0
0.0
0.0008201844657452576
0.0
0.0
0.0008156927654947359
0.0
0.0017945240840884192
0.0
0.0
0.0
0.0
0.0
0.0
0.0
0.0
0.0
0.0
0.0
0.0
0.0
0.0
0.0
0.0
0.0
0.0
0.0
0.0
0.0
0.0
0.0
0.0
0.0
0.0
0.0
0.0
0.0
0.0
0.005599454848847322
0.005599454848847322
0.0
0.0
0.0
0.0001497842910089891
0.0
0.0
0.0
0.0
0.0
0.0
0.0
0.0
0.0
0.0
0.0009367641445241432
0.0
0.0
0.0
0.0
0.0
0.0
0.0005204245247356351
0.0
0.0
0.00044249999696773255
0.0
0.0
0.0
0.0
0.0
0.0
0.0
0.0
0.0007202393567666285
0.0
0.0012622499913503287
