0.0
0.0
0.0
0.0
0.0
0.0
0.0
0.0
0.0
0.0
0.0
0.0
0.0
0.0
0.0
0.0
0.0
0.0
0.0
0.0
0.0
0.0
0.0
0.0006720865426307874
0.0
0.0
0.0007697907536740297
0.0
0.0
0.0
0.0006319801124195468
0.0016842650706892022
0.0003708063683480206
0.0
0.0
0.0
0.0
0.0
0.0
0.0
0.0
0.0
0.0
0.0
0.0
0.0
0.0
0.0
0.0076809890586375705
0.0076809890586375705
0.0
0.0
0.0
0.0
0.0
0.0
0.0
0.0
0.0
0.0
0.0
0.0
0.0
0.0
0.0
0.0006954925416278794
0.0
0.0
0.0
0.0
0.0
0.0
0.0014352566824148232
0.0002805981550927414
0.0
0.0
0.00028494496711619195
0.0007146932559672995
0.0
0.0005315361249703565
0.0
0.000985853320643186
0.0
0.0009209090966218957
0.0020201445212023666
0.0004884486403466239
0.0
0.0009601236323296963
0.0
0.0
0.0
0.0
0.0
0.0
0.0008175087770011917
0.0005790969381408606
0.0
0.0
0.0
0.0
