0.0
0.0
0.0006922317560102839
0.0
0.0
0.0
0.0
0.0
0.0
0.0
0.0
0.0
0.0
0.0
0.0
0.0
0.0
0.0
0.0
0.0
0.0
0.0
0.0
0.0008519775458588109
0.0010714106985407052
0.00034665753039638626
0.0
0.0
0.0
0.0
0.0
0.0
0.00047005657702555077
0.0
0.0
0.0
0.0
0.0
0.0
0.0
0.0
0.0
0.0
0.0
0.0
0.0
0.0
0.0
0.0
0.0
0.0
0.0
0.0
0.0
0.0
0.0
0.0
0.0
0.0
0.0
0.0
0.0
0.0
0.0
0.0
0.0
0.0
0.00017820930162774803
0.0
0.0
0.0
0.0
0.0
0.0
0.0
0.0
0.000361213472357588
0.0009059883923242979
0.0
0.0
0.0010966047619964893
0.0
0.0
0.0
0.0
0.0006191870354249918
0.0
0.0
0.0005264745381421054
0.0011893377821384742
0.0
0.0
0.0
0.0
0.0
0.0
0.0
0.0
0.0012409756970492482
0.0
