0.0
0.0
0.0005818183553880421
0.0
0.0006487173300493849
0.0
0.0
0.0
0.0
0.0
0.0
0.0
0.0
0.0
0.0
0.0
0.0
0.0
0.0
0.006590508804395521
0.0
0.0
0.0
0.0
0.0
0.0
0.0
0.0
0.0
0.0008156927654947359
0.0
0.0
0.0003950808991494397
0.0
0.0
0.0
0.003529514193823194
0.003529514193823194
0.0
0.0
0.0
0.0
0.0
0.0
0.0
0.0
0.0
0.0
0.0
0.0
0.0
0.0
0.0
0.0
0.0
0.0
0.0
0.0
0.0
0.0
0.0
0.0
0.0
0.0
0.0007669696136938145
0.0007410223829817849
0.0
0.0001497842910089891
0.0
0.0
0.0
0.0
0.0015292145685763736
0.0
0.0
0.0
0.0
0.0007614800561315889
0.0
0.0005663326957389307
0.0
0.0
0.0007733411161959438
0.0
0.00215239160374767
0.0
0.0
0.0
0.0
0.0
0.0
0.0
0.0008951051621354494
0.0
0.0008710263098206946
0.0006170070380254298
0.0
0.0
0.0
0.0
