0.0002528158381374576
0.0002528158381374576
0.00025617354848772074
0.0002528158381374576
0.0002856290436100022
0.0002528158381374576
0.0002705463218352166
0.0
0.0
0.0
0.0
0.0
0.0
0.0
0.0036433571340475836
0.0
0.0
0.0
0.0
0.0
0.0
0.0
0.0
0.00031529052121565627
0.0003964959396182376
0.0
0.00036112570711925395
0.0
0.0
0.00035914801978563255
0.00029647571615215416
0.0007901256435283917
0.00017395339101553448
0.0006991516888364233
0.003036130945039653
0.003036130945039653
0.0015540385879823817
0.0015540385879823817
0.0
0.0
0.0
0.0
0.0
0.0
0.0036033202424646435
0.0036033202424646435
0.0
0.0
0.0036033202424646435
0.0036033202424646435
0.0
0.0
0.0032465558620225995
0.0032465558620225995
0.0
0.0
0.0031835159423716747
0.0031835159423716747
0.0
0.0
0.0026877224759367423
0.0026877224759367423
0.0
0.0
0.00033769530593643927
0.0
0.0
6.59497469960343e-05
0.0
0.0
0.0
0.0
0.0006733103533147485
0.0
0.0
0.0
0.00013367392664667043
0.00033527826386940956
0.0
0.0002493552411135228
0.0
0.0
0.000340500666733419
0.00043201863249576095
0.000947694052208909
0.0002291419581162002
0.00016945847135105038
0.0
0.00019483193230200984
0.0
0.0
0.0
0.00039411315151957035
0.0
0.0003835112772681667
0.00027166706053378834
0.0
0.00031712006002348407
0.0
0.0005557663424818347
