0.0005741923630660708
0.0005741923630660708
0.0005818183553880421
0.0005741923630660708
0.0
0.0005741923630660708
0.0
0.0
0.0005424089547681675
0.0
0.0
0.0
0.0
0.0
0.0
0.0
0.0
0.006649352633006195
0.0
0.0
0.0
0.0
0.0006697189702308398
0.0007160841297083596
0.0
0.0002913644346231197
0.0
0.0
0.0
0.0
0.0
0.0
0.0003950808991494397
0.0015879051063895392
0.0
0.0
0.0
0.0
0.0
0.0
0.0
0.0
0.0
0.0
0.0
0.0
0.0
0.0
0.0
0.0
0.0
0.0
0.0
0.0
0.0
0.0
0.0
0.0
0.0
0.0
0.0
0.0
0.0
0.0
0.0
0.0007410223829817849
0.0
0.0001497842910089891
0.0
0.0
0.0
0.0
0.0
0.0
0.001074642849778779
0.0
0.0
0.0
0.0009367641445241432
0.0
0.0
0.0
0.0007733411161959438
0.0
0.0
0.0
0.0
0.0010229773281547993
0.0
0.0
0.0
0.0
0.0
0.0
0.0
0.0
0.0
0.0
0.0
0.0
