0.00047786334486383495
0.00047786334486383495
0.00048420996741280783
0.00047786334486383495
0.0005398856779515627
0.00047786334486383495
0.0005113768632742524
0.0
0.0
0.002278635140766154
0.0
0.0
0.0
0.0
0.0
0.0
0.0
0.0
0.0
0.0
0.0
0.0
0.0
0.0
0.0007494422712072479
0.0
0.0
0.0
0.0
0.0
0.0
0.0
0.00032880040227501004
0.0
0.0
0.0
0.0
0.0
0.0
0.0
0.0
0.0
0.0
0.0
0.0
0.0
0.0
0.0
0.0
0.0
0.0
0.0
0.0
0.0
0.0
0.0
0.0
0.0
0.0
0.0
0.0
0.0
0.0
0.0
0.0006382994421095715
0.0
0.0
0.000124655824273611
0.0
0.0
0.0
0.0033502095042615893
0.0012726668548016303
0.0
0.0
0.00244975793789879
0.0
0.0
0.0
0.00047132224964896875
0.0
0.0008741731428609223
0.0006436020335289657
0.0
0.0
0.0004331158338842725
0.0003203042678492992
0.0
0.000368264265174328
0.0
0.0
0.0
0.0007449384114043197
0.0
0.0
0.0005134952429895559
0.0
0.0
0.0
0.0010504894208277864
