0.0
0.0
0.0008569609476625442
0.0
0.0
0.0
0.0
0.0
0.0
0.0
0.0
0.0
0.0
0.0
0.0
0.0
0.0
0.0
0.0
0.0
0.0
0.0
0.0
0.0
0.0
0.0
0.0
0.0
0.0
0.0
0.0
0.0
0.0
0.0
0.0
0.0
0.005198625654066619
0.005198625654066619
0.0
0.0
0.0
0.0
0.0
0.0
0.0
0.0
0.0
0.0
0.0
0.0
0.0
0.0
0.0
0.0
0.0
0.0
0.0
0.0
0.0
0.0
0.0
0.0
0.0
0.0
0.0
0.0
0.00041818910141367
0.0
0.0
0.0
0.0
0.0
0.0
0.0
0.0
0.0043356126996365865
0.0004471708165544462
0.0
0.0
0.0
0.0
0.0
0.0
0.0014452042332121957
0.0
0.0
0.0
0.0
0.0
0.0
0.0
0.0
0.0
0.0
0.001282935687728721
0.0
0.0
0.0
0.0
0.0
