0.0
0.0
0.0
0.0
0.0
0.0
0.0
0.0
0.0
0.0
0.0
0.0
0.0
0.0
0.0
0.0
0.0
0.0
0.0
0.0
0.0
0.0
0.0
0.0
0.0
0.0003340657137409085
0.0
0.0
0.0
0.0009352376389066397
0.0007720361341064756
0.0
0.00045298247444125304
0.0
0.0
0.0
0.0
0.0
0.0
0.0
0.0
0.0
0.0
0.0
0.0
0.0
0.0
0.0
0.0
0.0
0.0
0.0
0.0
0.0
0.0
0.0
0.0
0.0
0.006324977513494534
0.006324977513494534
0.0
0.0
0.0
0.0
0.0
0.0008496238450962806
0.0
0.0001717361151089626
0.0
0.0007027752792771704
0.0
0.0
0.0
0.0
0.0
0.0
0.00034809293286659684
0.0
0.0
0.0006493322922598951
0.0
0.0
0.0
0.001124996000423929
0.0
0.0
0.0
0.0
0.0005073511374460856
0.0
0.0
0.0
0.0
0.0
0.0
0.0007074332761572179
0.0
0.0
0.0
0.0
