0.0
0.0
0.0005137322806076514
0.0
0.0005728025428377995
0.0
0.0
0.0
0.0
0.0
0.008019235599729193
0.0
0.0
0.0
0.0
0.0
0.0
0.0
0.0
0.0
0.0
0.0
0.0005913465100519729
0.0
0.0
0.0002572681217440508
0.0007242040960107862
0.0
0.0
0.0007202380275769921
0.0005945545381354374
0.0
0.00034884738417920093
0.0
0.0
0.0
0.0
0.0
0.0
0.0
0.0
0.0
0.0
0.0
0.0
0.0
0.0
0.0
0.0
0.0
0.007070723862126816
0.007070723862126816
0.0
0.0
0.0
0.0
0.0
0.0
0.0
0.0
0.0
0.0
0.0
0.0
0.0
0.0
0.0002506966523743019
0.00013225609798427068
0.0012969966847688242
0.0
0.0
0.0
0.0
0.0002639812602078659
0.0
0.0
0.0002680706560039926
0.0006723694470120592
0.0
0.0
0.0
0.0
0.0006828424913580413
0.0008663732795491355
0.0
0.0
0.00033983323988516473
0.0
0.0003907173613652964
0.0008826541197017367
0.0
0.0
0.0
0.0
0.0
0.0
0.0
0.0
0.0
0.0
