0.0
0.0
0.0006436787038627491
0.0
0.0
0.0
0.0
0.0006523426294095952
0.0
0.0
0.0
0.0
0.0
0.0
0.0
0.0
0.0
0.0
0.0
0.0
0.0
0.0
0.0
0.0
0.0
0.0
0.0
0.0
0.0
0.0
0.0007449446120653876
0.0
0.0
0.0
0.0
0.0
0.0
0.0
0.0
0.0
0.0037968144743977823
0.0037968144743977823
0.0
0.0
0.0
0.0
0.0
0.0
0.009053942208179329
0.009053942208179329
0.0
0.0
0.008157512286577413
0.008157512286577413
0.0
0.0
0.0
0.0
0.0
0.0
0.0
0.0
0.0
0.0
0.0
0.0
0.0
0.0
0.0
0.0
0.0
0.0
0.0
0.0
0.0
0.0
0.00033587800283094935
0.000842442475403189
0.0
0.0
0.0010196890358221767
0.0011620715669172338
0.0
0.0
0.0
0.0005757573311979866
0.0
0.0
0.0
0.0
0.0
0.0
0.0
0.0
0.0
0.0
0.0018940430826306178
0.0
0.0
0.0
