0.0007099604887836355
0.0007099604887836355
0.0007193896515252932
0.0007099604887836355
0.0008021069285299436
0.0007099604887836355
0.0
0.0
0.0006706618746921888
0.0033853630660013794
0.0
0.0
0.0
0.0
0.0
0.0
0.0
0.0
0.0
0.0
0.0
0.0
0.0
0.0
0.0
0.0
0.0
0.0
0.006577276813945537
0.0
0.0
0.0
0.0
0.0
0.0
0.0
0.0
0.0
0.0
0.0
0.0
0.0
0.0
0.0
0.0
0.0
0.0
0.0
0.0
0.0
0.0
0.0
0.0
0.0
0.0
0.0
0.0
0.0
0.0
0.0
0.0
0.0
0.0
0.0
0.0
0.0
0.0
0.0
0.0
0.0
0.0
0.0
0.0
0.0003696582713578383
0.0
0.0
0.0
0.0
0.0
0.0
0.0
0.0
0.0
0.0
0.0
0.0
0.0
0.0
0.0
0.0012359983274528527
0.0
0.0
0.0
0.0008670609735898071
0.0
0.0
0.0
0.0
0.0
0.0
