0.0003152932867952975
0.0003152932867952975
0.0
0.0003152932867952975
0.0
0.0003152932867952975
0.0
0.0
0.0
0.0
0.0
0.0
0.0
0.0
0.004543726588594454
0.0
0.0
0.0
0.0
0.0
0.0
0.002310369451827688
0.0003677476555517094
0.0003932071086283662
0.0004944805235471595
0.0001599903728378329
0.00045036937552147676
0.0
0.0
0.00044790294958762416
0.00036974266995795733
0.0009853864890927732
0.00021694185303633995
0.0008719304754232427
0.0
0.0
0.0
0.0
0.0
0.0
0.0
0.0
0.0
0.0
0.0
0.0
0.003970246533723309
0.003970246533723309
0.0
0.0
0.0
0.0
0.0
0.0
0.0
0.0
0.003970246533723309
0.003970246533723309
0.0
0.0
0.0
0.0
0.0
0.0
0.00042114870543099984
0.0
0.0
8.224766552162124e-05
0.0
0.0
0.0
0.0
0.0
0.0
0.0005900943621551239
0.0016163454267727306
0.00016670827271646996
0.00041813434864366143
0.0
0.0003109774851509512
0.0
0.0005767777051812424
0.00042464734472845363
0.0005387818089242436
0.001181894199345378
0.00028576896783612916
0.0
0.000561724440897666
0.00024298003147563927
0.0
0.0
0.0
0.0004915088857854578
0.0
0.000478287009325732
0.0
0.0009400813631574732
0.0003954887746358809
0.0005727386456211497
0.0
