0.0006136314705813995
0.0006136314705813995
0.0
0.0006136314705813995
0.0006932752764321213
0.0006136314705813995
0.0
0.0
0.0005796649798573017
0.0
0.0
0.0
0.0
0.0
0.0
0.0
0.0
0.0
0.0
0.007043185994195356
0.0
0.0
0.0007157194400576216
0.0
0.0
0.0003113771585853189
0.0
0.0
0.0
0.0
0.0
0.0
0.0
0.0
0.0
0.0
0.0
0.0
0.005488827705821208
0.005488827705821208
0.0
0.0
0.0
0.0
0.0
0.0
0.0
0.0
0.0
0.0
0.0
0.0
0.0
0.0
0.0
0.0
0.0
0.0
0.0
0.0
0.0
0.0
0.0
0.0
0.0008196498633821577
0.0
0.0
0.00016007240895898534
0.0
0.0
0.0
0.0
0.0
0.0003195022149113108
0.0
0.0
0.0
0.0008137832488180729
0.0
0.0
0.0
0.0
0.0
0.0
0.0
0.0
0.0
0.0
0.0
0.0010682953252940607
0.0
0.0
0.0
0.0
0.0
0.0
0.0
0.0
0.0
0.0
