0.0
0.0
0.0
0.0
0.0
0.0
0.0
0.000791765637371338
0.0
0.0
0.012195121951219513
0.0
0.0
0.0
0.0
0.0
0.0
0.0
0.0
0.0
0.0
0.0
0.0
0.0
0.0
0.0003912363067292645
0.0
0.0
0.0
0.0
0.0
0.0
0.0
0.0
0.0
0.0
0.004739336492890996
0.004739336492890996
0.0
0.0
0.0
0.0
0.0
0.0
0.0
0.0
0.0
0.0
0.0
0.0
0.0
0.0
0.0
0.0
0.0
0.0
0.0
0.0
0.0
0.0
0.0
0.0
0.0
0.0
0.0
0.0
0.0003812428516965307
0.0
0.0
0.0
0.0
0.0
0.0
0.0
0.0
0.0
0.0
0.0
0.0
0.0
0.0
0.0
0.0
0.0
0.0
0.0
0.0
0.0013736263736263737
0.0
0.0
0.0
0.0
0.0
0.0
0.0011695906432748538
0.0008285004142502071
0.0
0.0
0.0
0.001694915254237288
