0.0005560882028120054
0.0005560882028120054
0.0
0.0005560882028120054
0.000628263413804156
0.0005560882028120054
0.0
0.0
0.0
0.0
0.0
0.0
0.0
0.0
0.0
0.0
0.0
0.0
0.0
0.0
0.0
0.0
0.0
0.0006935061529299722
0.0008721238198877521
0.0
0.0
0.0
0.0
0.0
0.0
0.0017379431302341473
0.000382624084375157
0.0
0.0
0.0
0.0
0.0
0.0
0.0
0.0
0.0
0.0
0.0
0.0
0.0
0.0
0.0
0.0
0.0
0.0
0.0
0.0
0.0
0.0
0.0
0.0
0.0
0.0
0.0
0.0
0.0
0.0
0.0
0.0007427872286788579
0.0007176581085046478
0.0
0.0
0.0
0.0005936184354297703
0.0
0.0
0.001480998766010618
0.0
0.0
0.0
0.0
0.0
0.0
0.0
0.000892631681989073
0.0010172727772174484
0.0
0.0009502587602729526
0.002084527164876217
0.0005040156527233899
0.0003727371571303209
0.0
0.0
0.0
0.0
0.0
0.0
0.0
0.0
0.0
0.0
0.0
0.0
0.0
