0.000451061412512862
0.000451061412512862
0.0
0.000451061412512862
0.0
0.000451061412512862
0.0
0.0004632040000231053
0.0
0.0
0.0
0.0
0.0
0.0
0.0
0.0
0.0
0.0
0.0
0.0
0.0
0.0
0.0005261031043427896
0.0
0.0
0.00022888366667808373
0.0
0.0
0.0
0.0006407739890790603
0.000528957189899803
0.0
0.0003103589665937305
0.001247391582151774
0.0
0.0
0.0
0.0
0.0
0.0
0.0
0.0
0.0
0.0
0.0
0.0
0.0
0.0
0.0
0.0
0.0
0.0
0.0
0.0
0.0
0.0
0.0
0.0
0.004333530755771719
0.004333530755771719
0.0
0.0
0.0
0.0
0.0
0.0005821160716708278
0.00022303722913807932
0.0
0.0
0.0
0.0
0.0
0.0
0.0
0.0
0.002312358308415739
0.00023849435467965024
0.0005981867607660348
0.0
0.00044488718785489124
0.0
0.0008251433738070269
0.0
0.0007707861028052465
0.0
0.0004088236562048791
0.0
0.0008036080385016237
0.00034760941891216995
0.0
0.0
0.0
0.0007031570336889207
0.0
0.0
0.00048469482355358907
0.0
0.0
0.0
0.0
