0.00047786334486383495
0.00047786334486383495
0.00048420996741280783
0.00047786334486383495
0.0
0.00047786334486383495
0.0005113768632742524
0.0004907274412418004
0.0004514120599332804
0.002278635140766154
0.0
0.0
0.0
0.0
0.0
0.0
0.0
0.0
0.0
0.0
0.007946009721646077
0.0
0.0
0.0
0.0007494422712072479
0.00024248386474506808
0.0
0.0
0.0
0.0
0.0
0.0
0.0
0.0013215112117023326
0.0
0.0
0.0
0.0
0.0
0.0
0.0
0.0
0.0
0.0
0.0
0.0
0.0
0.0
0.0
0.0
0.0
0.0
0.0
0.0
0.0
0.0
0.0
0.0
0.0
0.0
0.0
0.0
0.0
0.0
0.0
0.0
0.0002362900336593191
0.000124655824273611
0.0
0.0
0.0
0.0
0.0
0.0002488112237207523
0.0
0.0
0.0
0.0006337308366956994
0.0
0.0
0.0
0.0
0.0006436020335289657
0.0
0.0
0.0
0.0
0.0
0.0
0.0008319312191790522
0.0
0.0
0.0
0.0005836052337932147
0.0
0.0005134952429895559
0.0
0.0005994088571454488
0.0008680514821966302
0.0010504894208277864
