0.0
0.0
0.0
0.0
0.0
0.0
0.0
0.0
0.0005253069184611588
0.0
0.0
0.0
0.0
0.0
0.0
0.007512983323408031
0.0
0.0
0.0
0.0
0.0
0.0
0.0006486028768409812
0.0
0.0008721238198877521
0.0002821777774049965
0.0
0.0
0.0
0.0
0.0006521215181258327
0.0
0.000382624084375157
0.0
0.0
0.0
0.0
0.0
0.0
0.0
0.0
0.0
0.0
0.0
0.0
0.0
0.0
0.0
0.0
0.0
0.0
0.0
0.0
0.0
0.0
0.0
0.0
0.0
0.0
0.0
0.0
0.0
0.0
0.0
0.0
0.0007176581085046478
0.00027497003394859744
0.00014506162490892418
0.0
0.0
0.0
0.0
0.0
0.0002895409068836496
0.0
0.0
0.0
0.0
0.0
0.0005484763490853011
0.0
0.0
0.0
0.0
0.0
0.0005040156527233899
0.0003727371571303209
0.0
0.0
0.0009681159718753973
0.0
0.0
0.0008668826911624652
0.0
0.0008435630398212527
0.0
0.0
0.0006975303665833376
0.0010101490182733489
0.0
