0.0006136314705813995
0.0006136314705813995
0.0006217812635500588
0.0006136314705813995
0.0006932752764321213
0.0006136314705813995
0.0
0.0
0.0005796649798573017
0.0
0.0
0.0
0.0
0.0
0.0
0.0
0.0
0.0
0.0
0.0
0.0
0.0
0.0007157194400576216
0.0
0.0
0.0003113771585853189
0.0
0.0
0.0
0.0
0.0
0.001917783174323073
0.0
0.0
0.0
0.0
0.0
0.0
0.0
0.0
0.0
0.0
0.0
0.0
0.0
0.0
0.0
0.0
0.0
0.0
0.0
0.0
0.0
0.0
0.0
0.0
0.0
0.0
0.0
0.0
0.0
0.0
0.0
0.0
0.0008196498633821577
0.0
0.0003034235674205395
0.0
0.0
0.0
0.0
0.0
0.0
0.0003195022149113108
0.0
0.0
0.0
0.0
0.0
0.0
0.0
0.0
0.0
0.0
0.0
0.0
0.0
0.0
0.0
0.0010682953252940607
0.0
0.0
0.0
0.0
0.0
0.0006593869240630283
0.0
0.0
0.0
0.0013489491819391106
