0.0005933315949280849
0.0005933315949280849
0.0
0.0005933315949280849
0.0006703406608203189
0.0005933315949280849
0.0
0.0
0.0
0.0028292319066975224
0.0
0.0
0.0
0.0
0.0
0.0
0.0
0.0
0.0
0.0
0.0
0.0
0.0
0.0
0.0
0.0
0.0
0.0
0.005496793418726615
0.0
0.0
0.0
0.0
0.0
0.0
0.0
0.0
0.0
0.0
0.0
0.0035463183346623323
0.0035463183346623323
0.0
0.0
0.0
0.0
0.0
0.0
0.0
0.0
0.0
0.0
0.0
0.0
0.0
0.0
0.0
0.0
0.0
0.0
0.0
0.0
0.0
0.0
0.0007925345814847848
0.0007657224662902747
0.0
0.0
0.0
0.0
0.0
0.0
0.0
0.0
0.0011104633169144677
0.0
0.00031371833616866126
0.0007868620435804971
0.0
0.0
0.0
0.0
0.0
0.001013901289356688
0.0
0.0
0.0
0.0
0.0
0.0
0.0
0.0
0.0009249412002664978
0.0
0.0
0.0
0.0
0.0
0.0010778026311228657
0.0
