0.0006831585564326624
0.0006831585564326624
0.0
0.0006831585564326624
0.0007718263481647764
0.0006831585564326624
0.0007310698413309928
0.0
0.0
0.0
0.0
0.0
0.0
0.0
0.0
0.0
0.0
0.0
0.0
0.0
0.0
0.0
0.0
0.0
0.0
0.0
0.0
0.0
0.0
0.0
0.0
0.0
0.0
0.0
0.0
0.0
0.0
0.0
0.0
0.0
0.0
0.0
0.0
0.0
0.0
0.0
0.0
0.0
0.0
0.0
0.0
0.0
0.0
0.0
0.0
0.0
0.0
0.0
0.0
0.0
0.0
0.0
0.0
0.0
0.0
0.000881648405664839
0.0
0.0
0.0
0.000729264730611657
0.0
0.004789495392936018
0.0
0.0
0.0
0.0
0.0
0.0
0.0
0.0006738073366487934
0.0010966047619964893
0.0
0.0
0.0
0.0
0.0006191870354249918
0.0
0.0
0.0
0.0
0.0
0.0
0.0
0.0008343282934963872
0.0
0.0
0.0
0.0
0.0
0.0
