0.0
0.0
0.0
0.0
0.0
0.0
0.0
0.0
0.0
0.0
0.0
0.0
0.0
0.0
0.0
0.0
0.0
0.0
0.0
0.0
0.0
0.0
0.0
0.0
0.0
0.0
0.0010557349282398405
0.0
0.006847195106012678
0.0
0.0
0.0
0.0
0.0
0.0
0.0
0.0
0.0
0.006611084929943276
0.006611084929943276
0.0
0.0
0.0
0.0
0.0
0.0
0.0
0.0
0.0
0.0
0.0
0.0
0.0
0.0
0.010651192387130833
0.010651192387130833
0.0
0.0
0.0
0.0
0.0
0.0
0.0
0.0
0.0009872371934518795
0.0
0.0
0.00019280114940502312
0.0
0.0
0.0
0.0
0.0
0.0
0.0
0.0
0.0
0.0
0.0
0.0
0.0
0.0
0.0
0.0
0.0
0.0
0.0004954042970758527
0.0
0.0
0.0
0.0
0.0
0.0
0.0
0.0
0.0
0.0
0.0009270863779901113
0.0013425872756887606
0.0
