0.0
0.0
0.0008169980395005274
0.0
0.0
0.0
0.0
0.0
0.0
0.0
0.0
0.0
0.0
0.0
0.0
0.0
0.0
0.0
0.0
0.0
0.0
0.0
0.0
0.0
0.0
0.0
0.0
0.0
0.0
0.0
0.0
0.0
0.0005547785095812599
0.0
0.0
0.0
0.0
0.0
0.0
0.0
0.0
0.0
0.0
0.0
0.0
0.0
0.0
0.0
0.0
0.0
0.0
0.0
0.0
0.0
0.0
0.0
0.0
0.0
0.0
0.0
0.0
0.0
0.0
0.0
0.0
0.0
0.0
0.0
0.0
0.0
0.0
0.0
0.0
0.00041981432780436575
0.0
0.0
0.0
0.0
0.0
0.0
0.0
0.0
0.0010859371656912512
0.0
0.0
0.0007307879039557477
0.0005404431475765762
0.0
0.0006213651161976679
0.0
0.0
0.0
0.0
0.0
0.0
0.0008664105141347763
0.0
0.0
0.0
0.001772470322984195
