0.0
0.0
0.0
0.0
0.0
0.0
0.0
0.0
0.0
0.0
0.0
0.0
0.0
0.0
0.0
0.0
0.0
0.0
0.0
0.0
0.0
0.0
0.0
0.0
0.0
0.0
0.0
0.0
0.0
0.0
0.0
0.0
0.0005547785095812599
0.0
0.0
0.0
0.0
0.0
0.0
0.0
0.0
0.0
0.0
0.0
0.011491840555611815
0.011491840555611815
0.0
0.0
0.0
0.0
0.0
0.0
0.0
0.0
0.0
0.0
0.0
0.0
0.0
0.0
0.0
0.0
0.0
0.0
0.0010769902065506437
0.0
0.0
0.00021032934242974156
0.0
0.0
0.0
0.0
0.0
0.0
0.0
0.0041334288164453555
0.0
0.001069281687689852
0.0
0.0
0.0
0.0
0.0
0.0
0.0
0.0007307879039557477
0.0
0.0
0.0
0.0
0.0
0.0
0.0
0.0
0.0
0.0
0.00240404020818546
0.0
0.0
0.0
