0.0
0.0
0.0005137322806076514
0.0
0.0
0.0
0.0005425555438760676
0.0
0.0004789346825766889
0.0024175636734477713
0.0
0.0
0.0
0.0
0.0
0.0
0.0
0.0
0.0
0.0
0.0
0.0
0.0
0.0
0.0
0.0002572681217440508
0.0
0.0
0.0
0.0007202380275769921
0.0
0.0
0.00034884738417920093
0.0014020838361999868
0.0
0.0
0.0
0.0
0.0
0.0
0.0
0.0
0.0
0.0
0.0
0.0
0.0
0.0
0.0
0.0
0.0
0.0
0.0
0.0
0.0
0.0
0.0
0.0
0.0
0.0
0.0
0.0
0.0
0.0
0.0
0.0
0.0002506966523743019
0.00013225609798427068
0.0
0.0
0.0
0.0
0.0
0.0002639812602078659
0.0
0.0
0.0
0.0006723694470120592
0.0
0.0005000587978538356
0.0
0.0
0.0006828424913580413
0.0
0.0
0.00045952293443591463
0.00033983323988516473
0.0009032655483211454
0.0
0.0008826541197017367
0.0
0.0
0.0
0.0
0.0
0.0005448030813403428
0.0
0.0006359548541371313
0.0009209766375039129
0.0011145378291149049
