0.0005933315949280849
0.0005933315949280849
0.0
0.0005933315949280849
0.0
0.0005933315949280849
0.0
0.0
0.0
0.0
0.0
0.0
0.0
0.0
0.0
0.0
0.0
0.0
0.0
0.0
0.0
0.0
0.0
0.0007399529602131982
0.0
0.0
0.0008475232143411081
0.0
0.0
0.0008428817947664032
0.0
0.0018543399484860872
0.0004082499090831438
0.0
0.0
0.0
0.0
0.0
0.0
0.0
0.0
0.0
0.0
0.0
0.0
0.0
0.0
0.0
0.0
0.0
0.0
0.0
0.0
0.0
0.0
0.0
0.0
0.0
0.0
0.0
0.0
0.0
0.0
0.0
0.0
0.0
0.00029338584773988796
0.0
0.0
0.0
0.0
0.004159735560117439
0.0
0.0
0.0
0.0
0.00031371833616866126
0.0007868620435804971
0.0
0.0005852099457199438
0.0
0.0
0.0
0.0
0.002224136065380711
0.0
0.0
0.0010570756574474261
0.0
0.0
0.0
0.0
0.0009249412002664978
0.0
0.0
0.0
0.0
0.0
0.0
0.0
