0.00026737662777537107
0.00026737662777537107
0.0002709277236130128
0.00026737662777537107
0.0003020796918333243
0.00026737662777537107
0.0
0.0002745744150630691
0.00025257646483951667
0.0012749539934730012
0.0
0.0
0.0
0.0
0.0
0.0
0.0
0.0
0.0
0.0
0.0
0.0
0.00031185925020202907
0.00033344950598524647
0.0
0.0
0.0003819245443002823
0.0
0.0
0.00037983295314858304
0.0003135510725358556
0.0008356324969268828
0.00018397214123323942
0.0007394189471741073
0.0
0.0
0.0
0.0
0.0
0.0
0.0
0.0
0.0
0.0
0.0
0.0
0.0
0.0
0.0
0.0
0.0
0.0
0.0
0.0
0.0
0.0
0.0
0.0
0.0
0.0
0.0
0.0
0.0026074247084560626
0.0026074247084560626
0.0
0.0003450621753479167
0.00013221025018095932
6.974808652949644e-05
0.000683998986636403
0.00028542179936185704
0.0
0.0
0.0007120892940958035
0.00013921617271162438
0.0005004148430370222
0.0013707015265796692
0.00014137280318983136
0.0
0.0
0.0002637167195624763
0.00042919243344635683
0.0004891219833916169
0.0003601116160172963
0.00045690050885988976
0.0010022759717475615
0.0002423392636091239
0.0001792183391341893
0.0004763564371217807
0.00020605317066230323
0.0
0.0
0.0
0.0004168118824815581
0.0003265418891004297
0.0004055993990931653
0.00028731357599391574
0.0
0.0003353844160780042
0.0
0.0005877754003807734
