0.0
0.0
0.0008169980395005274
0.0
0.0
0.0
0.0
0.0
0.0
0.0
0.0
0.0
0.0
0.0
0.0
0.0
0.0
0.0
0.0
0.0
0.0
0.0
0.0
0.0
0.0
0.0
0.0011517152979743119
0.0
0.0
0.0011454079852800383
0.0
0.0
0.0005547785095812599
0.0
0.0
0.0
0.0
0.0
0.0
0.0
0.0
0.0
0.0
0.0
0.0
0.0
0.0
0.0
0.0
0.0
0.0
0.0
0.0
0.0
0.0
0.0
0.0
0.0
0.0
0.0
0.0
0.0
0.0
0.0
0.0
0.001040554716975796
0.00039868756788435955
0.00021032934242974156
0.0
0.0
0.0
0.0
0.0
0.0
0.0
0.0
0.0
0.001069281687689852
0.0
0.0
0.0
0.0
0.0
0.0
0.0
0.0
0.0
0.0014364800694514769
0.0
0.0
0.0
0.0
0.0
0.0
0.0
0.0
0.0
0.0
0.0
0.0
