0.00047786334486383495
0.00047786334486383495
0.0
0.00047786334486383495
0.0005398856779515627
0.00047786334486383495
0.0005113768632742524
0.0004907274412418004
0.0
0.0
0.0
0.0
0.0
0.0
0.0
0.0
0.0
0.0
0.0
0.0
0.0
0.0
0.0
0.0005959507291234558
0.0
0.00024248386474506808
0.0
0.0
0.004427062559202814
0.0006788485852008697
0.0
0.0
0.00032880040227501004
0.0
0.0
0.0
0.0
0.0
0.0
0.0
0.0
0.0
0.0
0.0
0.0
0.0
0.0
0.0
0.0
0.0
0.0
0.0
0.0
0.0
0.0
0.0
0.0
0.0
0.0
0.0
0.0
0.0
0.0
0.0
0.0
0.0006167052321277551
0.0002362900336593191
0.000124655824273611
0.0
0.0
0.0
0.0033502095042615893
0.0
0.0002488112237207523
0.0
0.0
0.00025266561691332816
0.0006337308366956994
0.0007796085009916905
0.0
0.0
0.0
0.0006436020335289657
0.0008165859792995968
0.0
0.0
0.0
0.0008513581844620797
0.0
0.0
0.0
0.0
0.0
0.0005836052337932147
0.0
0.0
0.0
0.0
0.0
0.0
