0.0
0.0
0.0
0.0
0.0
0.0
0.0
0.0
0.0
0.0
0.0
0.0
0.0
0.0
0.0
0.0
0.0
0.0
0.0
0.0
0.0
0.0
0.0
0.0006322858838248018
0.0
0.0
0.0007242040960107862
0.0
0.0
0.0
0.0005945545381354374
0.0
0.0
0.0
0.0
0.0
0.0
0.0
0.0
0.0
0.0
0.0
0.0
0.0
0.0
0.0
0.0
0.0
0.0
0.0
0.0
0.0
0.0
0.0
0.0
0.0
0.0
0.0
0.0
0.0
0.0
0.0
0.004944190369757848
0.004944190369757848
0.0006772166005950503
0.0
0.0002506966523743019
0.0
0.0
0.000541215900557855
0.0
0.0
0.001350261435683355
0.0
0.0
0.0025991198386474063
0.0002680706560039926
0.0006723694470120592
0.0
0.0005000587978538356
0.0008138333158141012
0.0009274715362169165
0.0
0.0008663732795491355
0.0
0.00045952293443591463
0.00033983323988516473
0.0
0.0003907173613652964
0.0
0.0
0.005718063645024294
0.0
0.0
0.0007690962797401098
0.0
0.0015116719981098708
0.0
0.0
0.0
