0.0006136314705813995
0.0006136314705813995
0.0006217812635500588
0.0006136314705813995
0.0
0.0006136314705813995
0.0
0.0006301504492035433
0.0
0.0
0.0
0.0
0.0
0.0
0.0
0.0
0.0
0.0
0.0
0.0
0.0
0.0
0.0
0.0
0.0
0.0003113771585853189
0.0
0.0
0.0
0.0
0.0
0.0
0.0
0.0
0.0
0.0
0.0
0.0
0.0
0.0
0.0
0.0
0.0
0.0
0.0
0.0
0.0
0.0
0.0
0.0
0.0
0.0
0.0
0.0
0.0
0.0
0.007726990459651215
0.007726990459651215
0.0
0.0
0.0
0.0
0.0
0.0
0.0008196498633821577
0.0
0.0
0.00016007240895898534
0.0
0.000655045281764671
0.0
0.0
0.0
0.0003195022149113108
0.0
0.0
0.0
0.0
0.0
0.0
0.0
0.001122538811486707
0.0
0.0
0.0
0.0
0.000411307502503398
0.0
0.0
0.0010682953252940607
0.0
0.0
0.0
0.0
0.0
0.0
0.0
0.0
0.0
0.0
