0.0
0.0
0.0008569609476625442
0.0
0.0
0.0
0.0
0.0
0.0
0.0
0.0
0.0
0.0
0.0
0.0
0.0
0.0
0.0
0.0
0.0
0.0
0.0
0.0
0.0010547211663539005
0.0
0.0
0.0
0.0
0.0
0.0012014348444776084
0.0
0.0
0.0
0.0
0.0
0.0
0.0
0.0
0.0
0.0
0.0
0.0
0.0
0.0
0.0
0.0
0.0
0.0
0.0
0.0
0.0
0.0
0.0
0.0
0.0
0.0
0.0
0.0
0.0
0.0
0.0
0.0
0.0
0.0
0.0
0.0010914527492617476
0.0
0.0
0.0
0.0
0.0
0.0
0.0
0.0
0.0
0.0
0.0
0.001121584880376336
0.0
0.000834152101146811
0.0
0.0
0.0
0.0
0.0
0.0007665339014731352
0.0
0.0
0.0
0.0
0.0
0.0
0.0
0.0
0.001282935687728721
0.0
0.0
0.0
0.0
0.0
