0.0
0.0
0.0005137322806076514
0.0
0.0
0.0
0.0
0.0005206471252397417
0.0004789346825766889
0.0
0.0
0.0
0.0
0.0
0.0
0.0
0.0
0.0
0.0
0.0
0.0
0.0
0.0005913465100519729
0.0
0.0007951358152089405
0.0002572681217440508
0.0
0.0
0.0
0.0
0.0
0.0
0.00034884738417920093
0.0
0.0
0.0
0.0
0.0
0.0
0.0
0.0
0.0
0.0
0.0
0.0
0.0
0.0
0.0
0.0
0.0
0.0
0.0
0.0
0.0
0.0
0.0
0.0
0.0
0.0
0.0
0.0
0.0
0.0
0.0
0.0
0.0
0.0002506966523743019
0.00013225609798427068
0.0
0.0
0.0
0.0
0.001350261435683355
0.0002639812602078659
0.000948885020458577
0.0
0.0002680706560039926
0.0006723694470120592
0.0
0.0005000587978538356
0.0
0.0
0.0006828424913580413
0.0008663732795491355
0.0
0.0
0.0
0.0009032655483211454
0.0
0.0008826541197017367
0.0
0.0
0.0007903573547810022
0.0
0.0
0.0005448030813403428
0.0
0.0
0.0
0.0011145378291149049
