0.0
0.0
0.0
0.0
0.0
0.0
0.0007045148220476585
0.0
0.0
0.0
0.0
0.0
0.0
0.0
0.0
0.0
0.0
0.0
0.0
0.0
0.0
0.0
0.0
0.0
0.0
0.0
0.0009403876259050244
0.0
0.0
0.0
0.0
0.0
0.0
0.0
0.0
0.0
0.0
0.0
0.00588877216773629
0.00588877216773629
0.0
0.0
0.0
0.0
0.0
0.0
0.0
0.0
0.0
0.0
0.0
0.0
0.0
0.0
0.0
0.0
0.0
0.0
0.006324977513494534
0.006324977513494534
0.006998950527227558
0.006998950527227558
0.0
0.0
0.0008793738046568095
0.0
0.0
0.0001717361151089626
0.0
0.0
0.0
0.0
0.0017533305222212773
0.0
0.0
0.0
0.0
0.0
0.0
0.0006493322922598951
0.0
0.0
0.0
0.0
0.0
0.0
0.0
0.0
0.0
0.0
0.0
0.0
0.0
0.0
0.0
0.0007074332761572179
0.0019629240559120966
0.0
0.0
0.0
