0.0004921142359155027
0.0004921142359155027
0.0004986501281112555
0.0004921142359155027
0.000555986205559588
0.0004921142359155027
0.0005266271980052863
0.0
0.0004648741179769899
0.0
0.0
0.0
0.0
0.0
0.0
0.0
0.0
0.0
0.0
0.0
0.0
0.0
0.0
0.0006137232345984683
0.0
0.0002497152441245724
0.0
0.0
0.0
0.0
0.0
0.0
0.0003386059225370859
0.0
0.0
0.0
0.0
0.0
0.0
0.0
0.0
0.0
0.0
0.0
0.0
0.0
0.0
0.0
0.0
0.0
0.0
0.0
0.0
0.0
0.0
0.0
0.0
0.0
0.0
0.0
0.0
0.0
0.0
0.0
0.0
0.0006350966805795094
0.00024333669995516854
0.00012837332340756376
0.0
0.0
0.0
0.0
0.0
0.0
0.0
0.002522814877400818
0.0002602006375794566
0.0
0.0
0.00048537807146951104
0.0
0.0
0.0
0.0
0.0
0.0
0.000329856415494784
0.0
0.00037924668091646294
0.0008567411597079289
0.0
0.0
0.0007671540432480855
0.0006010095706049031
0.0
0.0
0.001467292330994039
0.0
0.0
0.0
