0.0006831585564326624
0.0006831585564326624
0.0
0.0006831585564326624
0.0
0.0006831585564326624
0.0
0.0
0.0006453435161639936
0.0
0.0
0.0
0.0
0.0
0.00984507386325737
0.0
0.0
0.0
0.0
0.0
0.0
0.0
0.0
0.0
0.0
0.00034665753039638626
0.0
0.0
0.0
0.0
0.0
0.0
0.0
0.0
0.0
0.0
0.0
0.0
0.0
0.0
0.0
0.0
0.0
0.0
0.0
0.0
0.0
0.0
0.0
0.0
0.0
0.0
0.0
0.0
0.0
0.0
0.0
0.0
0.0
0.0
0.0
0.0
0.0
0.0
0.0
0.0
0.0
0.00017820930162774803
0.0
0.000729264730611657
0.0
0.0
0.0
0.0
0.0
0.0
0.000361213472357588
0.0
0.0
0.0
0.0
0.0
0.0009201003610520907
0.0
0.0
0.0
0.0
0.0012171107797983012
0.0
0.0
0.0
0.0
0.0010649719323235136
0.0
0.0
0.0
0.0
0.0
0.0
0.0
