0.0
0.0
0.0007489119647201368
0.0
0.0
0.0
0.0
0.0
0.0006981844973355972
0.0
0.0
0.0
0.0
0.0
0.0
0.0
0.0
0.0
0.0
0.0
0.0
0.0
0.0
0.0
0.0
0.00037504198546235327
0.0
0.0
0.0
0.0
0.0
0.0
0.0
0.0
0.0
0.0
0.0
0.0
0.0
0.0
0.0
0.0
0.0
0.0
0.0
0.0
0.0
0.0
0.0
0.0
0.0
0.0
0.0
0.0
0.0
0.0
0.0
0.0
0.0
0.0
0.0
0.0
0.0
0.0
0.0
0.0
0.00036546218636743233
0.00019280114940502312
0.0
0.0
0.0
0.0
0.0
0.0003848283078449518
0.0
0.0
0.0
0.0
0.001205795364580849
0.0
0.0
0.0
0.0009954385408533488
0.0
0.0
0.0
0.0
0.0
0.0
0.0
0.0
0.0
0.0
0.0
0.0
0.0007942065574496893
0.0022036949766477587
0.0
0.0
0.001624758160748771
