0.0
0.0
0.0
0.0
0.000743790909687946
0.0
0.0007045148220476585
0.0
0.0
0.0
0.0
0.0
0.0
0.0
0.0
0.0
0.0
0.0
0.0
0.0
0.0
0.0
0.0007678704715123759
0.0
0.0
0.0003340657137409085
0.0
0.0
0.0
0.0
0.0007720361341064756
0.0
0.0
0.0018206225252063155
0.0
0.0
0.0
0.0
0.0
0.0
0.0
0.0
0.0
0.0
0.0
0.0
0.0
0.0
0.0
0.0
0.0
0.0
0.0
0.0
0.0
0.0
0.0
0.0
0.0
0.0
0.0
0.0
0.0
0.0
0.0
0.0
0.0003255325826617469
0.0001717361151089626
0.0
0.0
0.0
0.0
0.0
0.0003427828038224657
0.0
0.0
0.00034809293286659684
0.0
0.0010740527853103925
0.0
0.0010567722330714878
0.0
0.0
0.0
0.0
0.0
0.0
0.0
0.0005073511374460856
0.0
0.0
0.0
0.001026288418655964
0.0
0.0
0.0
0.0
0.0
0.0
0.0
