0.0
0.0
0.0
0.0
0.0
0.0
0.0
0.0
0.0
0.0
0.0
0.0
0.0
0.0
0.0
0.0
0.011277733115785588
0.0
0.0
0.0
0.0
0.0
0.0
0.0
0.001159138228345556
0.0
0.0010557349282398405
0.0
0.0
0.0
0.0
0.0
0.0
0.0
0.0
0.0
0.0
0.0
0.0
0.0
0.0
0.0
0.0
0.0
0.0
0.0
0.0
0.0
0.0
0.0
0.0
0.0
0.0
0.0
0.0
0.0
0.0
0.0
0.0
0.0
0.0
0.0
0.0
0.0
0.0
0.0
0.0
0.00019280114940502312
0.001890744210733284
0.0
0.0
0.0
0.001968392843617608
0.0003848283078449518
0.0
0.0
0.00039078977368193026
0.0
0.0
0.0
0.0
0.0
0.0
0.0012629872395807313
0.0
0.0
0.0
0.0
0.0005695824805952317
0.0
0.0
0.0
0.0
0.0009026434226382062
0.0
0.0
0.0
0.0
0.0
0.0
