0.0
0.0
0.0
0.0
0.0
0.0
0.00020776565428531318
0.0001993760672951699
0.0
0.0
0.0
0.0
0.0
0.0
0.0
0.0
0.0
0.0
0.0
0.0
0.0
0.0
0.00022644961600161835
0.0002421268971094227
0.0003044884800408701
9.851798630430344e-05
0.0002773259614469159
0.0
0.0
0.0002758071993360346
0.0002276780949311027
0.0006067758385392761
0.0001335872535776125
0.0005369125223748392
0.002331592342535181
0.002331592342535181
0.0011934216729563962
0.0011934216729563962
0.0
0.0
0.0
0.0
0.0019827714408960596
0.0019827714408960596
0.0027671645383934023
0.0027671645383934023
0.0
0.0
0.0027671645383934023
0.0027671645383934023
0.0
0.0
0.0
0.0
0.002797910811042218
0.002797910811042218
0.0
0.0
0.0018652738740281452
0.0018652738740281452
0.0020640325655229474
0.0020640325655229474
0.001893323105216538
0.001893323105216538
0.00025933261894315094
0.00025055917710825826
9.600151467548592e-05
5.0646012267457675e-05
0.0004966705581731747
0.0002072526526697939
0.0
0.0
0.0005170677063527713
0.00010108870854829369
0.0003633650403950932
0.0
0.0001026546975107214
0.0002574764550038851
0.0003167446201179869
0.00019149199467209094
0.0003116484814279698
0.0003551649830660079
0.0002614869916861886
0.0003317680803607373
0.0007277802687682068
0.0001759692333988816
0.00013013538656010313
0.0003458955672991753
0.00014962089898621486
0.00033800264831382494
0.0
0.0
0.0003026586213867784
0.00023711108568154386
0.0002945169274781282
0.0
0.0
0.0
0.0
0.0
