0.0005741923630660708
0.0005741923630660708
0.0
0.0005741923630660708
0.0006487173300493849
0.0005741923630660708
0.0006144616294527178
0.0
0.0
0.0
0.0
0.0
0.0
0.0
0.0
0.0
0.0
0.0
0.0
0.0
0.0
0.0
0.0
0.0
0.0009005169224869333
0.0
0.0
0.0
0.0
0.0
0.0
0.0
0.0003950808991494397
0.0015879051063895392
0.0
0.0
0.0
0.0
0.0
0.0
0.0
0.0
0.0
0.0
0.0
0.0
0.0
0.0
0.0
0.0
0.0
0.0
0.0
0.0
0.0
0.0
0.0
0.0
0.0
0.0
0.0
0.0
0.0
0.0
0.0
0.0
0.0002839220338912291
0.0
0.0
0.0
0.007757578071840561
0.004025554026468616
0.0
0.00029896728016727976
0.0
0.0029435869363505685
0.00030359865262808556
0.0
0.0
0.0
0.0
0.0
0.0007733411161959438
0.0
0.0
0.0
0.0
0.0
0.0
0.0
0.0
0.006475891259971251
0.0
0.0
0.0
0.0006170070380254298
0.0
0.0
0.0
0.0
