0.0
0.0
0.0004084990197502638
0.0
0.0004554692903138829
0.0
0.0004314181066669452
0.0
0.000380829384763538
0.0
0.0
0.0
0.00475344313891216
0.005562539843407847
0.0
0.0
0.0
0.0
0.0
0.0
0.0
0.0
0.0
0.000502768024308017
0.0006322596678117746
0.00020456914917071112
0.0
0.0
0.0
0.0005727039926400193
0.0
0.0
0.00027738925479063
0.0
0.0
0.0
0.0
0.0
0.0
0.0
0.0
0.0
0.0
0.0
0.0
0.0
0.0
0.0
0.0
0.0
0.005622352099788577
0.005622352099788577
0.0
0.0
0.0
0.0
0.005076492672624637
0.005076492672624637
0.0
0.0
0.0
0.0
0.0
0.0
0.0005384951032753219
0.0005202773584878981
0.0
0.00010516467121487079
0.0
0.0
0.0
0.0
0.0
0.0002099071639021829
0.0
0.0
0.0
0.0005346408438449261
0.0
0.0
0.0
0.0
0.0005429685828456257
0.0006889048027408928
0.0
0.0
0.0
0.0
0.000310682558098834
0.0007018506648058222
0.0
0.0
0.0
0.0004923528674956098
0.0
0.00043320525706738825
0.0012020201040927301
0.0005056854403098043
0.0007323231726615373
0.0008862351614920977
