0.0
0.0
0.0006922317560102839
0.0
0.0
0.0
0.0007310698413309928
0.0007015492064078886
0.0006453435161639936
0.0
0.0
0.0
0.0
0.0
0.0
0.0
0.0
0.0
0.0
0.0
0.0
0.0
0.0
0.0
0.0
0.00034665753039638626
0.0
0.0
0.0
0.0
0.0
0.0
0.0
0.0
0.0
0.0
0.0
0.0
0.0
0.0
0.0
0.0
0.0
0.0
0.0
0.0
0.0
0.0
0.0
0.0
0.0
0.0
0.0
0.0
0.0
0.0
0.0
0.0
0.0
0.0
0.0
0.0
0.0
0.0
0.0
0.0
0.0003378027631312098
0.0
0.0
0.0
0.0
0.0
0.0
0.0
0.0012785810212022559
0.0
0.0
0.0
0.0011145366637649852
0.0
0.0
0.0
0.0009201003610520907
0.0
0.0
0.0
0.0
0.0
0.0005264745381421054
0.0011893377821384742
0.0
0.0
0.0
0.0
0.0
0.0
0.0
0.0008569213227206608
0.0
0.001501790928293497
