0.0004031447534929357
0.0004031447534929357
0.0004084990197502638
0.0004031447534929357
0.0004554692903138829
0.0004031447534929357
0.0
0.00041399742302481205
0.000380829384763538
0.0019223483282365353
0.0
0.0
0.0
0.0
0.0
0.0
0.0
0.0
0.0
0.0
0.0
0.0
0.0004702146989931094
0.0
0.0006322596678117746
0.00020456914917071112
0.000575857648987156
0.0
0.0
0.0005727039926400193
0.0
0.0012599487838080427
0.00027738925479063
0.0
0.0
0.0
0.0
0.0
0.0
0.0
0.0
0.0
0.0
0.0
0.0
0.0
0.0
0.0
0.0
0.0
0.005622352099788577
0.005622352099788577
0.0
0.0
0.0
0.0
0.0
0.0
0.0
0.0
0.0
0.0
0.0
0.0
0.0
0.0
0.0001993437839421798
0.00010516467121487079
0.0
0.0
0.0
0.0
0.0
0.0002099071639021829
0.0
0.0
0.0
0.0
0.0006577091135601731
0.0
0.0
0.0
0.0005429685828456257
0.0
0.0
0.0
0.00027022157378828816
0.0
0.0
0.0007018506648058222
0.0
0.0
0.0006284600303850212
0.0004923528674956098
0.0006115540880471785
0.00043320525706738825
0.0
0.0
0.0
0.0008862351614920977
