0.0
0.0
0.0
0.0
0.0
0.0
0.0
0.0008279948460496239
0.0
0.0
0.0
0.0
0.0
0.0
0.0
0.0
0.0
0.0
0.0
0.0
0.0
0.0
0.0
0.0
0.0
0.0
0.0
0.0
0.0
0.0
0.0009455311849554023
0.0
0.0005547785095812599
0.002229760107805277
0.0
0.0
0.0
0.0
0.0
0.0
0.0
0.0
0.0
0.0
0.0
0.0
0.0
0.0
0.0
0.0
0.0
0.0
0.0
0.0
0.0
0.0
0.0
0.0
0.0
0.0
0.0
0.0
0.0
0.0
0.0
0.001040554716975796
0.0
0.0
0.0
0.0
0.0
0.0
0.0
0.0
0.0015090295679086219
0.0
0.0
0.001069281687689852
0.0
0.0
0.0
0.0
0.0
0.0
0.0
0.0
0.0005404431475765762
0.0014364800694514769
0.0
0.0
0.0
0.0
0.0
0.0
0.0
0.0
0.0
0.0
0.0
0.0
