0.0
0.0
0.0
0.0
0.0
0.0
0.0
0.0008279948460496239
0.0
0.0
0.0
0.0
0.0
0.0
0.0
0.0
0.0
0.0
0.0
0.0
0.0
0.0
0.0
0.0
0.0012645193356235489
0.0
0.0011517152979743119
0.0
0.0
0.0
0.0
0.0
0.0005547785095812599
0.0
0.0
0.0
0.0
0.0
0.0
0.0
0.0
0.0
0.0
0.0
0.0
0.0
0.0
0.0
0.0
0.0
0.0
0.0
0.0
0.0
0.0
0.0
0.0
0.0
0.0
0.0
0.0
0.0
0.0
0.0
0.0
0.0
0.00039868756788435955
0.00021032934242974156
0.0
0.0
0.0
0.0
0.0
0.0
0.0
0.0041334288164453555
0.0
0.001069281687689852
0.0
0.0
0.0
0.0
0.0
0.0013778096054817854
0.0
0.0
0.0
0.0
0.0
0.0
0.0
0.0
0.0
0.0
0.0
0.0
0.0
0.0
0.0
0.0
