0.0
0.0
0.0
0.0
0.0
0.0
0.0
0.0
0.0
0.0
0.0
0.0
0.006161642775146188
0.0
0.0
0.0
0.0
0.00605161343987572
0.0
0.0
0.0
0.0
0.0
0.0006517122166020007
0.0
0.0
0.0007464545212181506
0.0
0.0
0.0
0.0006128216141646299
0.0
0.0
0.0
0.006275747270982228
0.006275747270982228
0.0
0.0
0.0
0.0
0.0
0.0
0.0
0.0
0.0
0.0
0.0
0.0
0.0
0.0
0.0
0.0
0.0
0.0
0.0
0.0
0.0
0.0
0.0
0.0
0.0
0.0
0.0
0.0
0.0006980233833842231
0.0006744086619562992
0.0
0.00013631953042358822
0.0
0.000557844201865087
0.0
0.0
0.0013917468280617673
0.0
0.0
0.0
0.0
0.0
0.0
0.0005154225895559549
0.0
0.0
0.0
0.0008929917065429258
0.0
0.0004736413034703569
0.0003502742662873802
0.0009310174522885725
0.0
0.0
0.0
0.0
0.0
0.0
0.0007927259710714394
0.0005615415950837453
0.0
0.0006554939122495945
0.0009492726964510934
0.0
