0.0003420952191462704
0.0003420952191462704
0.0
0.0003420952191462704
0.0003864960794710041
0.0003420952191462704
0.00036608704557154515
0.0
0.0003231591400092591
0.0
0.0
0.0
0.0
0.0
0.0
0.0
0.0
0.0
0.0
0.0
0.0
0.0
0.0
0.0
0.0
0.0001735905709048172
0.0
0.0
0.0
0.0
0.0
0.0
0.00023538328871761945
0.0
0.0
0.0
0.0
0.0
0.0030599827533290534
0.0030599827533290534
0.0
0.0
0.0
0.0
0.004875796694864975
0.004875796694864975
0.004307742710997211
0.004307742710997211
0.0
0.0
0.004770940851964654
0.004770940851964654
0.0043930445468585416
0.0043930445468585416
0.0
0.0
0.0
0.0
0.003286648142464539
0.003286648142464539
0.003636864747809121
0.003636864747809121
0.003336071422802351
0.003336071422802351
0.0004569490208369853
0.00044149004898777386
0.00016915649989809864
8.923923958823666e-05
0.0
0.0
0.0
0.0023983648607173664
0.0
0.0
0.0
0.0
0.00018087953495014787
0.0
0.0
0.0003374125469450287
0.0
0.0
0.0
0.0
0.0
0.0
0.0
0.0006094745868581219
0.0
0.0
0.0
0.0
0.0
0.0
0.0005189444435470325
0.0003676035619160834
0.0
0.0
0.0006214250689533791
0.0
