0.0007099604887836355
0.0007099604887836355
0.0
0.0007099604887836355
0.0
0.0007099604887836355
0.0
0.0
0.0006706618746921888
0.0
0.0
0.0
0.0
0.0
0.0
0.0
0.0
0.0
0.0
0.0
0.0
0.0
0.0
0.0
0.0
0.0
0.0
0.0
0.0
0.0010085638049861722
0.0
0.0
0.0
0.0
0.0
0.0
0.0
0.0
0.0
0.0
0.0
0.0
0.0
0.0
0.0
0.0
0.0
0.0
0.0
0.0
0.0
0.0
0.0
0.0
0.0
0.0
0.0
0.0
0.0
0.0
0.0
0.0
0.0
0.0
0.0
0.0
0.0
0.00018520087569436346
0.0
0.0
0.0
0.0
0.0
0.0
0.0
0.0
0.0
0.0
0.0
0.0
0.0
0.0
0.0009561980830242733
0.0
0.0
0.0
0.0004758753250399872
0.0
0.0005471293844042633
0.0012359983274528527
0.0
0.0
0.0
0.0
0.0010769809987747079
0.0
0.0
0.0
0.0
0.0
