0.0
0.0
0.0
0.0
0.0
0.0
0.0
0.0007589923316245249
0.0
0.0
0.0
0.0
0.0
0.0
0.0
0.0
0.0
0.0
0.0
0.0
0.0
0.0
0.0
0.000921737802732476
0.0
0.00037504198546235327
0.0010557349282398405
0.0
0.0
0.0
0.0008667335577231238
0.0
0.0005085449946110211
0.0
0.0
0.0
0.0
0.0
0.0
0.0
0.0
0.0
0.0
0.0
0.0
0.0
0.0
0.0
0.0
0.0
0.0
0.0
0.0
0.0
0.0
0.0
0.0
0.0
0.0
0.0
0.0
0.0
0.0
0.0
0.0
0.0
0.00036546218636743233
0.00019280114940502312
0.0
0.0
0.0
0.0
0.0
0.0003848283078449518
0.0
0.0
0.0
0.0
0.0
0.0
0.0
0.0
0.0
0.0
0.0
0.0
0.0
0.0
0.0
0.0
0.0
0.0
0.0
0.0009026434226382062
0.0
0.0
0.0
0.0009270863779901113
0.0
0.0
