0.0
0.0
0.0
0.0
0.0
0.0
0.0
0.0005896496396648408
0.0
0.0
0.0
0.0
0.0
0.0
0.0
0.0
0.0
0.0
0.0
0.0
0.0
0.0
0.0
0.0
0.0009005169224869333
0.0
0.0
0.0
0.0
0.0
0.0006733521653677159
0.0
0.0
0.0
0.0
0.0
0.0
0.0
0.005136051688942716
0.005136051688942716
0.0
0.0
0.0
0.0
0.0
0.0
0.0
0.0
0.0
0.0
0.0
0.0
0.0
0.0
0.0
0.0
0.0
0.0
0.0
0.0
0.0
0.0
0.005599454848847322
0.005599454848847322
0.0
0.0007410223829817849
0.0
0.0001497842910089891
0.0
0.0006129444402441925
0.0
0.0
0.0
0.0
0.0
0.0
0.0
0.0
0.0009367641445241432
0.0005663326957389307
0.0
0.0
0.0
0.0009811956454501896
0.0
0.0005204245247356351
0.00038487209038588825
0.0010229773281547993
0.0
0.0
0.0
0.0
0.0
0.0007012499951946269
0.0
0.0006170070380254298
0.0
0.0
0.0
0.0
