0.00014424567722216226
0.00014424567722216226
0.0001461614401227691
0.00014424567722216226
0.00016296745937033488
0.00014424567722216226
0.0001543619169613403
0.00014812877542133367
0.00013626121147643442
0.0006878185417542076
0.0
0.0
0.0017007876668831312
0.0
0.0
0.0
0.0
0.0
0.0
0.0
0.0
0.0010569866856335844
0.00016824338431397883
0.0
0.00022622326887200054
7.319508738542427e-05
0.00020604255876337496
0.0
0.0
0.00020491417673290739
0.00016915609706794253
0.0004508111888123963
9.92502086775302e-05
0.0
0.0
0.0
0.0
0.0
0.0
0.0
0.0008621504302172555
0.0008621504302172555
0.0
0.0
0.0
0.0
0.0
0.0
0.0
0.0
0.0020116843371735965
0.0020116843371735965
0.0018523430035360838
0.0018523430035360838
0.0
0.0
0.0018163751782247033
0.0018163751782247033
0.0013858269878306998
0.0013858269878306998
0.0015334970766979054
0.0015334970766979054
0.001406666491407101
0.001406666491407101
0.00019267419501250714
0.00018615586403695965
7.132544542780954e-05
3.7628045727502906e-05
0.0003690071861087662
0.0001539807764256333
0.0
0.0
0.0003841614853329455
7.510503547055177e-05
0.00026996629633065577
0.0007394728986448397
7.626850524139603e-05
0.00019129513635699844
0.0002353291111410622
0.00014227121167843684
0.00023154287544201047
0.0002638739680636734
0.00019427481137813545
0.00024649096621494657
0.0
0.0001307383950783679
9.668560380214183e-05
0.00025698714746860506
0.00011116259260674062
0.00025112301121764353
0.0
0.0016268403770186475
0.0002248637540350294
0.0001761644476055974
0.00021881478755221573
0.00015500136152207493
0.0004300842376026309
0.00018093485817905652
0.0
0.0003170960056900753
