0.0
0.0
0.0
0.0
0.0
0.0
0.0
0.0006523426294095952
0.0
0.0
0.0
0.0
0.0
0.0
0.0
0.0
0.0
0.0
0.0
0.0
0.0
0.0
0.0007409251267484881
0.0007922199432156911
0.0
0.0003223430128890136
0.0
0.0
0.0
0.0009024192124253217
0.0
0.0
0.0
0.0
0.0
0.0
0.0
0.0
0.0
0.0
0.0
0.0
0.0
0.0
0.0
0.0
0.0
0.0
0.0
0.0
0.0
0.0
0.0
0.0
0.0
0.0
0.0
0.0
0.0
0.0
0.0
0.0
0.0
0.0
0.0
0.0008198096924819092
0.00031410931793531026
0.00016570972263562324
0.0016250665501860331
0.0
0.0
0.0
0.0
0.0003307542115392689
0.0
0.0
0.0
0.0
0.0010363631961563756
0.0
0.0010196890358221767
0.0
0.0
0.0
0.0
0.0005757573311979866
0.0004257926309789761
0.001131742776022416
0.0
0.0
0.0
0.0
0.0
0.0
0.0
0.0
0.0
0.0
0.0
0.0
