4.6631262437456784e-05
4.6631262437456784e-05
4.725058389170426e-05
4.6631262437456784e-05
5.268357785834621e-05
4.6631262437456784e-05
4.990160675031473e-05
4.788657749911437e-05
4.405007092598795e-05
0.00022235568890213768
0.0
0.0
0.0
0.0
0.0
0.0
0.0
0.0
0.0
0.0
0.0
0.0
5.4389161314191955e-05
5.815456478978986e-05
7.313270541884093e-05
2.3662264233717312e-05
6.66087526226668e-05
0.000687281220242971
0.0004320053384384389
6.624397303546708e-05
5.46842200554986e-05
0.0001457367406780276
3.2085277125401296e-05
0.00012895681744431013
0.0005600069201979763
0.0005600069201979763
0.00028663861318190264
0.00028663861318190264
0.0004171086026302169
0.0004171086026302169
0.0002787131215731864
0.0002787131215731864
0.0004762263573337122
0.0004762263573337122
0.0006646235975975984
0.0006646235975975984
0.0005871917221493344
0.0005871917221493344
0.0006646235975975984
0.0006646235975975984
0.0006503306170041016
0.0006503306170041016
0.0005988192810037768
0.0005988192810037768
0.0006720083042375716
0.0006720083042375716
0.0005871917221493344
0.0005871917221493344
0.0004480055361583811
0.0004480055361583811
0.00049574383099493
0.00049574383099493
0.0004547424615141462
0.0004547424615141462
6.228707248340004e-05
6.017984814067805e-05
2.3057852604415346e-05
1.2164269384831344e-05
0.00011929141495341509
4.977839290648679e-05
0.0
0.00032692295881827814
0.00012419044636833974
2.4279705893770153e-05
8.727380574513918e-05
0.00023905433747581597
2.465582852889582e-05
6.184125499118758e-05
7.60764118004798e-05
4.599296378812277e-05
7.48524101254721e-05
8.530429814017129e-05
6.280451441472631e-05
7.968477915860534e-05
0.00017479984792306776
4.2264673222488784e-05
3.1256200197096355e-05
8.30779496996998e-05
3.593627295388084e-05
8.118221125017643e-05
0.0007115382044868406
0.0005259195424467952
7.269320598723732e-05
5.694985629131963e-05
7.073771623553386e-05
5.010832425963666e-05
0.00013903620087673895
5.8492018744082636e-05
8.470692910557626e-05
0.00010250974132437533
