0.0
0.0
0.0
0.0
0.0
0.0
0.0008250825082508251
0.0
0.0
0.0
0.0
0.0
0.0
0.0
0.0
0.0
0.0
0.0
0.0
0.0
0.0
0.0
0.0
0.0
0.0012091898428053204
0.0
0.0
0.0
0.0
0.0
0.0
0.0
0.0
0.0
0.0
0.0
0.0
0.0
0.0
0.0
0.0
0.0
0.0
0.0
0.0
0.0
0.0
0.0
0.0
0.0
0.0
0.0
0.0
0.0
0.0
0.0
0.0
0.0
0.0
0.0
0.0
0.0
0.0
0.0
0.0
0.0009950248756218905
0.0003812428516965307
0.0
0.0
0.0
0.0
0.0
0.0
0.0004014452027298274
0.0
0.0
0.0
0.0
0.0
0.0007604562737642585
0.0
0.0
0.0
0.0
0.0
0.0
0.0005167958656330749
0.0
0.0
0.0013422818791946308
0.0
0.0
0.0
0.0009416195856873823
0.0011695906432748538
0.0
0.0
0.0
0.0
0.0
