0.0005560882028120054
0.0005560882028120054
0.0
0.0005560882028120054
0.0
0.0005560882028120054
0.0
0.0005710581148433658
0.0
0.0
0.0
0.0
0.0
0.0
0.0080138488783019
0.0
0.0
0.0
0.0
0.0
0.0
0.0
0.0
0.0
0.0
0.0002821777774049965
0.0
0.0
0.0
0.0
0.0006521215181258327
0.0
0.0
0.0
0.0
0.0
0.0
0.0
0.0
0.0
0.0
0.0
0.0
0.0
0.0
0.0
0.0
0.0
0.0
0.0
0.0
0.0
0.0
0.0
0.0
0.0
0.0
0.0
0.0
0.0
0.0
0.0
0.0
0.0
0.0
0.0
0.0
0.00014506162490892418
0.0
0.0
0.0
0.0
0.0
0.0002895409068836496
0.0010407595945846624
0.0028507762808188575
0.0002940262531786266
0.0
0.0
0.0
0.000892631681989073
0.0010172727772174484
0.0
0.0
0.002084527164876217
0.0
0.0003727371571303209
0.000990723075614246
0.0
0.0
0.0
0.0
0.0
0.0
0.0008435630398212527
0.0
0.0
0.0
0.0
0.0
