0.0005741923630660708
0.0005741923630660708
0.0
0.0005741923630660708
0.0
0.0005741923630660708
0.0
0.0
0.0
0.002737968731237845
0.0
0.0
0.0
0.0
0.0
0.0
0.0
0.0
0.0
0.0
0.00954778839611146
0.0
0.0
0.0007160841297083596
0.0
0.0
0.0
0.0
0.0
0.0
0.0006733521653677159
0.0
0.0003950808991494397
0.0
0.0
0.0
0.0
0.0
0.0
0.0
0.0
0.0
0.0
0.0
0.0
0.0
0.0
0.0
0.0
0.0
0.0
0.0
0.0
0.0
0.0
0.0
0.0
0.0
0.0
0.0
0.0
0.0
0.0
0.0
0.0
0.0
0.0002839220338912291
0.0001497842910089891
0.0
0.0006129444402441925
0.0
0.0
0.0
0.00029896728016727976
0.0
0.0
0.0
0.0
0.0009367641445241432
0.0005663326957389307
0.0
0.0
0.0
0.0
0.0
0.0
0.00038487209038588825
0.0
0.0
0.0
0.0
0.0
0.0
0.0
0.0
0.0
0.0
0.0
0.0010430357071382268
0.0012622499913503287
