0.0
0.0
0.0
0.0
0.0
0.0
0.0
0.0
0.0
0.0
0.009705853870049698
0.0
0.0
0.0
0.0
0.0
0.0
0.0
0.0
0.007043185994195356
0.0
0.0
0.0
0.0007652692474462262
0.0
0.0003113771585853189
0.0
0.0
0.0
0.0008717196246923058
0.0
0.0
0.0004222175158324006
0.0
0.0
0.0
0.0
0.0
0.0
0.0
0.0
0.0
0.0
0.0
0.0
0.0
0.0
0.0
0.0
0.0
0.0
0.0
0.0
0.0
0.0
0.0
0.0
0.0
0.0
0.0
0.0
0.0
0.0
0.0
0.0
0.0007919204152677364
0.0003034235674205395
0.0
0.0
0.000655045281764671
0.0
0.0
0.0
0.0003195022149113108
0.0
0.0
0.00032445169887650844
0.0
0.0
0.0006052319523529089
0.0009850000214654397
0.0
0.0008264590003572951
0.0
0.0023002312640002173
0.0
0.0
0.0010932417820660374
0.0
0.0
0.0
0.0
0.0
0.0
0.0
0.0
0.0
0.0
0.0
0.0
