0.0
0.0
0.0
0.0
0.0
0.0
0.0
0.0005710581148433658
0.0
0.0
0.0
0.0
0.0
0.0
0.0
0.0
0.0
0.0
0.0
0.0
0.0
0.0
0.0
0.0
0.0
0.0002821777774049965
0.0007943242280255188
0.0
0.0
0.0
0.0
0.0
0.0
0.0
0.0
0.0
0.0
0.0
0.0
0.0
0.0
0.0
0.0
0.0
0.0
0.0
0.0
0.0
0.0
0.0
0.0
0.0
0.0
0.0
0.0
0.0
0.0
0.0
0.0
0.0
0.0
0.0
0.0
0.0
0.0
0.0007176581085046478
0.00027497003394859744
0.00014506162490892418
0.0
0.0005936184354297703
0.0
0.0
0.001480998766010618
0.0002895409068836496
0.0
0.0
0.0002940262531786266
0.0007374707556719541
0.0009072281749021019
0.0005484763490853011
0.000892631681989073
0.0
0.0
0.0009502587602729526
0.0
0.0005040156527233899
0.0
0.0
0.0004285480683583904
0.0
0.0
0.0
0.0
0.0
0.0008435630398212527
0.0
0.0
0.0
0.0010101490182733489
0.0
