0.000658343842962037
0.000658343842962037
0.0006670874721263766
0.000658343842962037
0.0
0.000658343842962037
0.0007045148220476585
0.0
0.0006219023775103876
0.0
0.0
0.0
0.0
0.0
0.0
0.0
0.0
0.0
0.010287614027973038
0.0
0.0
0.0
0.0
0.0
0.0
0.0
0.0009403876259050244
0.0
0.0
0.0
0.0
0.0
0.0
0.0
0.0
0.0
0.0
0.0
0.0
0.0
0.0
0.0
0.0
0.0
0.0
0.0
0.0
0.0
0.0
0.0
0.0
0.0
0.0
0.0
0.0
0.0
0.0
0.0
0.0
0.0
0.0
0.0
0.0
0.0
0.0
0.0
0.0
0.0
0.0
0.0
0.0
0.0
0.0
0.0
0.0
0.0033749880012717867
0.0
0.0
0.0010740527853103925
0.0
0.0010567722330714878
0.0
0.0
0.0
0.0
0.0
0.0
0.0
0.0
0.0
0.0
0.007424973602797931
0.0
0.0
0.0
0.0
0.0
0.0
0.0011958991096943446
0.0
