0.0004921142359155027
0.0004921142359155027
0.0
0.0004921142359155027
0.000555986205559588
0.0004921142359155027
0.0
0.0
0.0
0.0
0.0
0.0
0.0
0.0
0.0
0.0
0.0
0.0
0.0
0.0
0.0
0.0
0.0
0.0006137232345984683
0.0
0.0
0.0007029429118748977
0.0
0.0
0.0
0.0005770996057707116
0.0
0.0
0.0
0.0
0.0
0.0
0.0
0.0
0.0
0.0029413463777991106
0.0029413463777991106
0.0050257650707276145
0.0050257650707276145
0.0
0.0
0.0
0.0
0.0
0.0
0.0
0.0
0.0
0.0
0.0
0.0
0.0
0.0
0.0
0.0
0.0
0.0
0.0
0.0
0.0006573348753680814
0.0006350966805795094
0.0
0.0
0.0
0.0005253268839361375
0.0
0.0
0.0
0.00025623129826672305
0.0
0.002522814877400818
0.0002602006375794566
0.0
0.0
0.0
0.0
0.0009002428264914062
0.000662795601227837
0.0
0.0
0.0
0.000329856415494784
0.0
0.0
0.0
0.0
0.0
0.0
0.0
0.0007465171508566164
0.0
0.0
0.0006172844912789236
0.0
0.0
