0.0005741923630660708
0.0005741923630660708
0.0
0.0005741923630660708
0.0006487173300493849
0.0005741923630660708
0.0
0.0
0.0
0.0
0.0
0.0
0.0
0.0
0.0
0.0
0.0
0.0
0.0
0.0
0.0
0.0
0.0
0.0
0.0009005169224869333
0.0
0.0008201844657452576
0.0
0.0
0.0
0.0
0.0
0.0003950808991494397
0.0015879051063895392
0.0
0.0
0.0
0.0
0.0
0.0
0.0
0.0
0.0
0.0
0.0
0.0
0.0
0.0
0.0
0.0
0.0
0.0
0.0
0.0
0.0
0.0
0.0
0.0
0.0
0.0
0.0
0.0
0.0
0.0
0.0
0.0007410223829817849
0.0
0.0001497842910089891
0.0
0.0
0.0
0.0
0.0
0.0
0.0
0.0029435869363505685
0.0
0.0007614800561315889
0.0009367641445241432
0.0
0.0
0.0010503913891349703
0.0007733411161959438
0.0
0.0
0.0
0.0
0.0010229773281547993
0.0
0.0
0.0
0.0
0.0008951051621354494
0.0
0.0
0.0
0.0
0.0
0.0
0.0
