0.0004262466990422365
0.0004262466990422365
0.0
0.0004262466990422365
0.0
0.0004262466990422365
0.0004561402381664858
0.0
0.0
0.0
0.0
0.0
0.0
0.0
0.0
0.0
0.0
0.0
0.0
0.0
0.0
0.0
0.0004971600437569971
0.000531578816017097
0.0006684908931774858
0.00021629185002260595
0.0
0.0062822950983838725
0.0
0.0006055224191213371
0.0
0.0013321493220669418
0.0
0.0011787675237905774
0.0
0.0
0.0
0.0
0.0
0.0
0.0
0.0
0.0043530863673841005
0.0043530863673841005
0.0
0.0
0.0
0.0
0.0
0.0
0.0
0.0
0.0
0.0
0.0
0.0
0.0
0.0
0.0
0.0
0.0
0.0
0.0
0.0
0.0
0.0
0.0002107670486686164
0.00011119106368821013
0.0010904180841376347
0.0
0.005758770506851883
0.002988334965717734
0.0
0.0002219357561853797
0.0
0.0
0.0002253738151886591
0.0
0.0
0.000420412143465993
0.0
0.0007797488979658403
0.0
0.0
0.0
0.0
0.0002857064437507911
0.0
0.0
0.0007420697565876252
0.0
0.0
0.0
0.0005205668254781363
0.0
0.00045802980004787136
0.0
0.0
0.0
0.0
