0.0
0.0
0.0
0.0
0.0
0.0
0.0
0.0
0.0
0.0
0.0
0.0
0.0
0.0
0.0
0.0
0.0
0.0
0.0
0.0
0.0
0.0
0.0007968135320981684
0.0008519775458588109
0.0
0.0
0.0009758333124374046
0.0
0.0
0.0009704892088643628
0.0
0.0
0.0
0.0
0.0
0.0
0.0
0.0
0.0
0.0
0.0
0.0
0.0
0.0
0.0
0.0
0.0
0.0
0.0
0.0
0.0
0.0
0.0
0.0
0.0
0.0
0.0
0.0
0.0
0.0
0.0
0.0
0.0
0.0
0.0
0.000881648405664839
0.0
0.00017820930162774803
0.0
0.0
0.0
0.0
0.0
0.0
0.0012785810212022559
0.0
0.000361213472357588
0.0
0.0
0.0006738073366487934
0.0
0.0
0.0
0.0011674000628368424
0.0025608573632750382
0.0
0.0004579104122445288
0.0
0.0
0.0011893377821384742
0.0
0.0
0.0
0.0
0.0
0.0
0.0
0.0
0.0
0.0
