0.0
0.0
0.0
0.0
0.0
0.0
0.0009050412648581324
0.0
0.0
0.0
0.0
0.0
0.0
0.0
0.0
0.0
0.0
0.0
0.0
0.009707168256708464
0.0
0.0
0.0009864298678130005
0.0
0.0
0.00042915102230362147
0.0
0.0
0.0
0.0
0.0
0.0
0.0005819151262642209
0.0
0.0
0.0
0.0
0.0
0.0
0.0
0.0
0.0
0.0
0.0
0.0
0.0
0.0
0.0
0.0
0.0
0.0
0.0
0.0
0.0
0.0
0.0
0.0
0.0
0.0
0.0
0.0
0.0
0.0
0.0
0.0
0.0
0.0
0.0
0.0
0.0
0.0
0.0
0.0
0.0
0.0
0.0
0.0
0.001121584880376336
0.0
0.0
0.0
0.0
0.0
0.0
0.0
0.0
0.0005668785596940859
0.0015067445233627151
0.0
0.0
0.0
0.0
0.0
0.0
0.0
0.0
0.0
0.0
0.0
0.0
