0.0006831585564326624
0.0006831585564326624
0.0
0.0006831585564326624
0.0
0.0006831585564326624
0.0
0.0
0.0
0.0
0.0
0.0
0.0
0.0
0.0
0.0
0.0
0.0
0.0
0.0
0.0
0.0
0.0
0.0
0.0
0.0
0.0009758333124374046
0.0
0.0
0.0
0.0
0.0
0.0
0.0
0.0
0.0
0.0
0.0
0.0
0.0
0.0
0.0
0.0
0.0
0.0
0.0
0.0
0.0
0.0
0.0
0.0
0.0
0.0
0.0
0.0
0.0
0.0
0.0
0.0
0.0
0.0
0.0
0.0
0.0
0.0
0.000881648405664839
0.0
0.0
0.0
0.000729264730611657
0.0
0.0
0.0
0.0
0.0
0.0
0.000361213472357588
0.0
0.0
0.0006738073366487934
0.0
0.0012497272887068594
0.0
0.0
0.0
0.0006191870354249918
0.0
0.0012171107797983012
0.0
0.0
0.0
0.007704840414723159
0.0
0.0
0.0
0.0
0.0
0.0
0.0
0.0
