0.0004262466990422365
0.0004262466990422365
0.00043190778801389126
0.0004262466990422365
0.00048156965910956515
0.0004262466990422365
0.0
0.0
0.0
0.0020325072377124294
0.0
0.0
0.0
0.0
0.0
0.0
0.0
0.0
0.0066607466103347085
0.0
0.0
0.003123400952868818
0.0
0.000531578816017097
0.0
0.00021629185002260595
0.0006088567936759701
0.0
0.0
0.0
0.0
0.0013321493220669418
0.00029328486400943273
0.0
0.0
0.0
0.0
0.0
0.0
0.0
0.0
0.0
0.0
0.0
0.0
0.0
0.0
0.0
0.0
0.0
0.0
0.0
0.0
0.0
0.0
0.0
0.0
0.0
0.004095125693761339
0.004095125693761339
0.004531491546375253
0.004531491546375253
0.0
0.0
0.0005693532117999802
0.0
0.0002107670486686164
0.00011119106368821013
0.0010904180841376347
0.0
0.0
0.0
0.0
0.0
0.0
0.0
0.0
0.0005652780865621481
0.0
0.000420412143465993
0.0
0.0007797488979658403
0.0
0.0
0.0
0.0
0.0002857064437507911
0.0007593983085958528
0.0
0.0
0.0
0.0
0.0
0.0
0.0
0.0
0.0
0.0
0.000774288471509497
0.0
