0.0004031447534929357
0.0004031447534929357
0.0
0.0004031447534929357
0.0004554692903138829
0.0004031447534929357
0.0004314181066669452
0.0
0.000380829384763538
0.0019223483282365353
0.0
0.0
0.0
0.0
0.0
0.0
0.0
0.0
0.0
0.0
0.0
0.0
0.0
0.0
0.0006322596678117746
0.00020456914917071112
0.000575857648987156
0.0
0.0
0.0
0.0004727655924777013
0.0012599487838080427
0.00027738925479063
0.0
0.0
0.0
0.0024780983188641597
0.0024780983188641597
0.0036060603122781906
0.0036060603122781906
0.0
0.0
0.0
0.0
0.0
0.0
0.0
0.0
0.0
0.0
0.0
0.0
0.0
0.0
0.0
0.0
0.0
0.0
0.0
0.0
0.0
0.0
0.0
0.0
0.0005384951032753219
0.0
0.0001993437839421798
0.00010516467121487079
0.0
0.0004303528767739404
0.0
0.0
0.0
0.0002099071639021829
0.0
0.0
0.0
0.0
0.0
0.0
0.0006471271600004178
0.0007374876520174014
0.0
0.0
0.0
0.0
0.00027022157378828816
0.0007182400347257385
0.0
0.0007018506648058222
0.0
0.0
0.0
0.0004923528674956098
0.0
0.00043320525706738825
0.0
0.0
0.0
0.0
