0.0
0.0
0.0
0.0
0.0
0.0
0.0
0.0
0.0
0.0
0.0
0.0
0.007762472402925109
0.0
0.0
0.008894499628351687
0.0
0.0
0.0
0.0
0.0
0.0
0.0
0.0
0.0
0.0003340657137409085
0.0
0.0
0.0
0.0009352376389066397
0.0007720361341064756
0.0
0.00045298247444125304
0.0
0.0
0.0
0.0
0.0
0.00588877216773629
0.00588877216773629
0.0
0.0
0.0
0.0
0.0
0.0
0.0
0.0
0.0
0.0
0.0
0.0
0.0
0.0
0.0
0.0
0.0
0.0
0.0
0.0
0.0
0.0
0.0
0.0
0.0
0.0008496238450962806
0.0
0.0001717361151089626
0.0
0.0
0.0
0.0
0.0
0.0
0.0
0.0
0.0
0.0008730797181204111
0.0010740527853103925
0.0
0.0
0.0012043328128656728
0.0
0.0
0.0
0.0
0.0
0.0
0.0
0.0
0.0
0.0
0.001026288418655964
0.0
0.0
0.0
0.0
0.0
0.0
0.0
