0.0005741923630660708
0.0005741923630660708
0.0
0.0005741923630660708
0.0006487173300493849
0.0005741923630660708
0.0
0.0
0.0
0.0
0.0
0.0
0.0
0.0
0.0
0.0
0.0
0.0
0.0
0.0
0.0
0.0
0.0
0.0
0.0
0.0
0.0008201844657452576
0.0
0.0
0.0
0.0006733521653677159
0.0017945240840884192
0.0003950808991494397
0.0
0.0
0.0
0.0
0.0
0.0
0.0
0.0
0.0
0.0
0.0
0.0
0.0
0.007230364028123241
0.007230364028123241
0.0
0.0
0.0
0.0
0.0
0.0
0.0
0.0
0.0
0.0
0.0
0.0
0.0061043237286614255
0.0061043237286614255
0.0
0.0
0.0
0.0007410223829817849
0.0
0.0
0.0
0.0
0.0
0.0
0.0
0.0
0.001074642849778779
0.0
0.00030359865262808556
0.0
0.0
0.0
0.0
0.0
0.0
0.0
0.0
0.0
0.0
0.0010229773281547993
0.0
0.0
0.0
0.0
0.0
0.0
0.0008710263098206946
0.0
0.0
0.0
0.0
0.0
