0.0
0.0
0.0
0.0
0.0
0.0
0.0
0.000791765637371338
0.0
0.0
0.0
0.0
0.0
0.0
0.0
0.0
0.0
0.0
0.0
0.0
0.0
0.0
0.0
0.0009615384615384616
0.0
0.0003912363067292645
0.0
0.0
0.0
0.0
0.0
0.0
0.0005305039787798408
0.0
0.0
0.0
0.0
0.0
0.0
0.0
0.0
0.0
0.0
0.0
0.0
0.0
0.0
0.0
0.0
0.0
0.0
0.0
0.0
0.0
0.0
0.0
0.0
0.0
0.0
0.0
0.0
0.0
0.0
0.0
0.0
0.0
0.0003812428516965307
0.00020112630732099757
0.0
0.0008230452674897119
0.0
0.0
0.0
0.0
0.0
0.0
0.0
0.0
0.0
0.0007604562737642585
0.0
0.0
0.0
0.0
0.002890173410404624
0.0
0.0
0.0
0.0
0.0013422818791946308
0.0
0.0
0.0
0.0
0.0
0.0
0.0
0.0
0.0
0.0
