0.0
0.0
0.0
0.0
0.0
0.0
0.0
0.0
0.0
0.0
0.0
0.0
0.0
0.0
0.0
0.0
0.0
0.0
0.0
0.0
0.0
0.0
0.0
0.0
0.0
0.00042915102230362147
0.0
0.0
0.0
0.0
0.0
0.0
0.0
0.0
0.0
0.0
0.0
0.0
0.007564896641434872
0.007564896641434872
0.0
0.0
0.0
0.0
0.0
0.0
0.0
0.0
0.0
0.0
0.0
0.0
0.010860495178297588
0.010860495178297588
0.0
0.0
0.0
0.0
0.0
0.0
0.0
0.0
0.0
0.0
0.001129670456238987
0.0
0.0
0.0
0.0
0.0009028065950683592
0.0
0.0
0.0
0.0
0.0
0.0
0.0
0.0
0.0
0.000834152101146811
0.0
0.0
0.0
0.0
0.0
0.0
0.0
0.0
0.0
0.0
0.0
0.0
0.0
0.0
0.0
0.0
0.0
0.0
0.0
0.0
