0.0
0.0
0.0
0.0
0.0
0.0
0.0
0.0
0.0
0.0
0.0
0.0
0.0
0.0
0.0
0.0
0.010045552521432494
0.0
0.0
0.0
0.0
0.0
0.0007678704715123759
0.0008210307349247713
0.0
0.0
0.0
0.0
0.0
0.0
0.0007720361341064756
0.0020575228055946075
0.0
0.0
0.0
0.0
0.0
0.0
0.0
0.0
0.0
0.0
0.0
0.0
0.0
0.0
0.0
0.0
0.0
0.0
0.0
0.0
0.0
0.0
0.0
0.0
0.0
0.0
0.0
0.0
0.0
0.0
0.0
0.0
0.0
0.0
0.0
0.0
0.0016841656101020948
0.0
0.0
0.0
0.0017533305222212773
0.0
0.0
0.0
0.00034809293286659684
0.0
0.0
0.0
0.0
0.0012043328128656728
0.0
0.001124996000423929
0.0
0.0
0.0
0.0011729010498925303
0.0005073511374460856
0.0
0.0
0.0
0.001026288418655964
0.0
0.0009986806600254527
0.0
0.0
0.0
0.0
0.0
