0.0
0.0
0.0
0.0
0.0009554965270105021
0.0
0.0009050412648581324
0.0
0.0
0.0
0.0
0.0
0.0
0.011669255457532515
0.0
0.0
0.0
0.0
0.0
0.0
0.0
0.0
0.0009864298678130005
0.0
0.0
0.0
0.0
0.0
0.0
0.0
0.0
0.0
0.0
0.0023388273198466022
0.0
0.0
0.0
0.0
0.0
0.0
0.0
0.0
0.0
0.0
0.0
0.0
0.0
0.0
0.0
0.0
0.0
0.0
0.0
0.0
0.0
0.0
0.0
0.0
0.0
0.0
0.0
0.0
0.0
0.0
0.0
0.0
0.00041818910141367
0.0
0.0
0.0
0.0
0.0
0.0
0.0
0.0
0.0
0.0
0.001121584880376336
0.0
0.0
0.0
0.0
0.0
0.0
0.0
0.0
0.0
0.0
0.0
0.0
0.0
0.0
0.0
0.0
0.0
0.0009087904001723748
0.0
0.0
0.0
0.0
