0.0004641942878396009
0.0004641942878396009
0.0
0.0004641942878396009
0.0
0.0004641942878396009
0.0
0.0
0.0
0.0
0.0
0.0
0.0
0.0
0.0
0.0
0.00708305872150544
0.005375535636856807
0.0
0.0
0.0
0.0
0.0
0.0005789038378153485
0.0007280048262732315
0.0
0.0006630616644581084
0.0
0.0
0.0
0.0005443580391753729
0.0
0.0003193952208636405
0.0
0.0
0.0
0.0
0.0
0.0
0.0
0.0
0.0
0.0
0.0
0.0
0.0
0.0
0.0
0.0
0.0
0.0
0.0
0.0
0.0
0.0
0.0
0.0
0.0
0.0
0.0
0.0
0.0
0.0
0.0
0.0
0.0
0.0
0.0001210901028415049
0.00118749505192892
0.0004955226266073764
0.0
0.0
0.001236262815868506
0.0
0.0
0.0
0.0002454382353558754
0.0
0.0007573081651924055
0.00045784029758780406
0.0
0.0
0.0
0.0007932279200631916
0.0017400577784045155
0.0
0.0003111421143813759
0.000827005482593355
0.0
0.0
0.0
0.0
0.0007236297972691856
0.0
0.0
0.0
0.0013840459570757756
0.0005822630477059598
0.0
0.0
