0.0
0.0
0.0
0.0
0.0
0.0
0.0
0.0
0.0
0.0
0.0
0.0
0.0
0.0
0.0
0.0
0.0
0.008928571428571428
0.0
0.0
0.0
0.0
0.0
0.0
0.0
0.0
0.0
0.0
0.0
0.0
0.0009041591320072332
0.0
0.0
0.0
0.0
0.0
0.0
0.0
0.0
0.0
0.0
0.0
0.0
0.0
0.0
0.0
0.0
0.0
0.0
0.0
0.0
0.0
0.0
0.0
0.0
0.0
0.0
0.0
0.0
0.0
0.0
0.0
0.0
0.0
0.0
0.0
0.0003812428516965307
0.0
0.0
0.0
0.0
0.0
0.0
0.0
0.0
0.0
0.00040766408479412964
0.0010224948875255625
0.0012578616352201257
0.0
0.0012376237623762376
0.0
0.0
0.0
0.0
0.0
0.0005167958656330749
0.0
0.0
0.0
0.0
0.0
0.001201923076923077
0.0
0.0
0.0008285004142502071
0.0
0.0
0.0
0.0
