0.0006352418974127361
0.0006352418974127361
0.0
0.0006352418974127361
0.0
0.0006352418974127361
0.0
0.0
0.0
0.0
0.0
0.0
0.0
0.0
0.0
0.0
0.0
0.0
0.0
0.0
0.0
0.0
0.0
0.0
0.0
0.0
0.0
0.0
0.0
0.0009024192124253217
0.0
0.0
0.0004370868652224502
0.0
0.0
0.0
0.0
0.0
0.0
0.0
0.0
0.0
0.0
0.0
0.0
0.0
0.0
0.0
0.0
0.0
0.0
0.0
0.0
0.0
0.0
0.0
0.0
0.0
0.0
0.0
0.0
0.0
0.0
0.0
0.0
0.0008198096924819092
0.00031410931793531026
0.0
0.0
0.0
0.0
0.0
0.0016918043961895663
0.0
0.0
0.0
0.00033587800283094935
0.000842442475403189
0.0
0.0006265465710603185
0.0
0.0011620715669172338
0.0
0.0
0.0
0.0005757573311979866
0.0004257926309789761
0.0
0.0
0.0
0.0
0.0
0.0
0.0
0.0
0.0
0.0
0.0
0.0
0.0
