0.0005741923630660708
0.0005741923630660708
0.0
0.0005741923630660708
0.0
0.0005741923630660708
0.0006144616294527178
0.0
0.0
0.0
0.0
0.0
0.0
0.0
0.0
0.0
0.0
0.0
0.0
0.0
0.0
0.0
0.0
0.0
0.0
0.0002913644346231197
0.0008201844657452576
0.0
0.0
0.0
0.0
0.0
0.0003950808991494397
0.0
0.006895624952747165
0.006895624952747165
0.003529514193823194
0.003529514193823194
0.0
0.0
0.0
0.0
0.0
0.0
0.0
0.0
0.0
0.0
0.0
0.0
0.0
0.0
0.0
0.0
0.0
0.0
0.0
0.0
0.0
0.0
0.0
0.0
0.0
0.0
0.0007669696136938145
0.0
0.0
0.0001497842910089891
0.0
0.0
0.0
0.0
0.0015292145685763736
0.0
0.0
0.0
0.0
0.0007614800561315889
0.0
0.0
0.0
0.0
0.0
0.0
0.0
0.0
0.0
0.0010229773281547993
0.0
0.0
0.0
0.006475891259971251
0.0
0.0
0.0
0.0
0.0
0.0
0.0
0.0
