0.0007390958479890323
0.0007390958479890323
0.0
0.0007390958479890323
0.0
0.0007390958479890323
0.0
0.0
0.0
0.0
0.0
0.0
0.0
0.0
0.0
0.0
0.0
0.0
0.0
0.0
0.0
0.0
0.0
0.0
0.0
0.0
0.0010557349282398405
0.0
0.0
0.0
0.0
0.0
0.0
0.0
0.0
0.0
0.004543162629581873
0.004543162629581873
0.0
0.0
0.0
0.0
0.0
0.0
0.0
0.0
0.0
0.0
0.0
0.0
0.0
0.0
0.0
0.0
0.0
0.0
0.0
0.0
0.0
0.0
0.0
0.0
0.0
0.0
0.0009872371934518795
0.0
0.0
0.0
0.0
0.0
0.0
0.0
0.001968392843617608
0.0
0.0
0.0
0.0
0.000980171078570322
0.0
0.0
0.0
0.0
0.0
0.0
0.0
0.0
0.0
0.0013167682896178228
0.0
0.0
0.0
0.0
0.0
0.0
0.0
0.0
0.0
0.0
0.0
0.0
