0.00037123057835166735
0.00037123057835166735
0.0
0.00037123057835166735
0.0
0.00037123057835166735
0.00039726572617336016
0.00038122411727799883
0.0
0.0
0.0
0.0
0.0
0.0
0.0
0.0
0.0
0.0
0.0
0.0
0.0
0.0
0.0
0.0004629673655020313
0.0
0.0
0.0
0.0
0.003439186143729375
0.0005273669880855559
0.0004353400181935918
0.0011602073737882232
0.0
0.0
0.0
0.0
0.0
0.0
0.0033205935180835346
0.0033205935180835346
0.0
0.0
0.0
0.0
0.0
0.0
0.0
0.0
0.0
0.0
0.0
0.0
0.004767188714080322
0.004767188714080322
0.0
0.0
0.0
0.0
0.0
0.0
0.0
0.0
0.0
0.0
0.000495866179322464
0.0004790906070866791
0.0001835631186130814
0.0
0.000949676647183654
0.0003962848231457716
0.0
0.0
0.000988677741523845
0.0
0.0
0.0019031069570043973
0.00019628457404081227
0.0004923170348896857
0.0
0.0003661490951498954
0.0005958985892600403
0.0
0.0
0.0006343689856681325
0.0
0.00033646824606716456
0.00024883000523106587
0.0006613819507171876
0.0002860879739287656
0.0
0.0
0.0
0.0
0.0
0.0
0.0003989114002668703
0.0
0.00046565382990533126
0.0
0.0
