0.0
0.0
0.0006436787038627491
0.0
0.0
0.0
0.0006797926905481178
0.0
0.0006000791995224463
0.0
0.0
0.0
0.0
0.0
0.0
0.0
0.0
0.0
0.0
0.0
0.0
0.0
0.0
0.0
0.0
0.0003223430128890136
0.0
0.009362599328912714
0.0
0.0
0.0
0.0
0.0004370868652224502
0.0
0.0
0.0
0.0
0.0
0.0
0.0
0.0
0.0
0.0
0.0
0.0
0.0
0.0
0.0
0.0
0.0
0.0
0.0
0.0
0.0
0.0
0.0
0.0
0.0
0.0
0.0
0.0
0.0
0.0
0.0
0.0
0.0
0.00031410931793531026
0.00016570972263562324
0.0
0.0
0.0
0.0
0.0
0.0
0.0
0.0
0.00033587800283094935
0.000842442475403189
0.0010363631961563756
0.0
0.0
0.0
0.0
0.0
0.0
0.0
0.0004257926309789761
0.001131742776022416
0.0
0.0
0.0
0.0
0.000990274929019614
0.0
0.0
0.0
0.0018940430826306178
0.0
0.0
0.0
