0.0005389128792105002
0.0005389128792105002
0.0005460703158875148
0.0005389128792105002
0.0006088588887944415
0.0005389128792105002
0.0005767079243696525
0.0
0.0
0.0
0.0
0.0
0.0
0.0
0.0
0.0
0.0
0.0
0.0
0.0
0.0
0.0
0.0
0.0
0.0
0.0
0.0007697907536740297
0.0
0.0
0.0
0.0
0.0
0.0
0.0014903411606311703
0.0
0.0
0.0
0.0
0.0
0.0
0.0
0.0
0.0
0.0
0.0
0.0
0.0
0.0
0.0
0.0
0.0
0.0
0.0
0.0
0.0
0.0
0.0
0.0
0.0
0.0
0.0
0.0
0.0
0.0
0.0
0.0
0.0
0.0
0.0
0.0005752839541860237
0.0
0.0
0.0
0.0002805981550927414
0.0
0.0
0.00028494496711619195
0.0
0.0008792075526239231
0.0005315361249703565
0.0
0.000985853320643186
0.0007258255496739552
0.0
0.0
0.0
0.000361224808442387
0.0
0.0
0.0
0.008223176521600222
0.0
0.0008401081782884842
0.0006581638458907898
0.0
0.0
0.0
0.0
0.0
0.0
