0.00026737662777537107
0.00026737662777537107
0.0002709277236130128
0.00026737662777537107
0.0003020796918333243
0.00026737662777537107
0.0002861282889642379
0.0002745744150630691
0.00025257646483951667
0.0012749539934730012
0.0
0.0
0.0
0.0
0.0
0.0
0.0
0.0
0.0
0.0
0.0
0.0
0.00031185925020202907
0.0
0.0
0.00013567585533046022
0.0003819245443002823
0.0
0.0024770534730332596
0.00037983295314858304
0.0003135510725358556
0.0008356324969268828
0.0
0.0
0.0032109952428208918
0.0032109952428208918
0.0
0.0
0.0
0.0
0.0
0.0
0.0
0.0
0.0
0.0
0.0
0.0
0.0
0.0
0.0
0.0
0.0034335394675708546
0.0034335394675708546
0.0
0.0
0.0
0.0
0.0
0.0
0.0
0.0
0.0026074247084560626
0.0026074247084560626
0.00035714468200273564
0.0003450621753479167
0.00013221025018095932
6.974808652949644e-05
0.000683998986636403
0.00028542179936185704
0.0
0.00187452695256571
0.0
0.00013921617271162438
0.0
0.0
0.00014137280318983136
0.0
0.0
0.0
0.00042919243344635683
0.0004891219833916169
0.0
0.00045690050885988976
0.0010022759717475615
0.0002423392636091239
0.0
0.0
0.00020605317066230323
0.00046548655869081386
0.0
0.0
0.0004168118824815581
0.0003265418891004297
0.0
0.00028731357599391574
0.0007972126120107042
0.0
0.00048569675941828616
0.0005877754003807734
