0.000658343842962037
0.000658343842962037
0.0
0.000658343842962037
0.0
0.000658343842962037
0.0
0.0006760664800647364
0.0
0.0
0.0
0.0
0.0
0.0
0.0
0.0
0.0
0.0
0.0
0.0
0.0
0.0
0.0
0.0008210307349247713
0.0
0.0
0.0
0.0
0.0
0.0
0.0
0.0
0.0
0.0
0.0
0.0
0.0
0.0
0.0
0.0
0.0
0.0
0.0
0.0
0.0
0.0
0.0
0.0
0.0
0.0
0.0
0.0
0.0
0.0
0.0
0.0
0.0
0.0
0.0
0.0
0.006998950527227558
0.006998950527227558
0.0
0.0
0.0
0.0
0.0
0.0001717361151089626
0.0
0.0
0.0
0.0
0.0
0.0
0.0
0.0
0.00034809293286659684
0.0
0.0010740527853103925
0.0
0.0
0.0
0.0008866790906768038
0.0
0.0
0.0
0.0
0.0
0.0
0.0
0.0
0.0
0.0
0.0
0.0
0.0007074332761572179
0.0
0.0
0.0
0.001447240617494512
