0.0
0.0
0.0
0.0
0.0
0.0
0.0
0.0007015492064078886
0.0
0.0
0.0
0.0
0.0
0.0
0.0
0.0
0.0
0.0
0.0
0.0
0.0
0.0
0.0
0.0
0.0
0.00034665753039638626
0.0
0.0
0.0
0.0
0.0
0.0
0.00047005657702555077
0.0
0.0
0.0
0.0
0.0
0.0
0.0
0.0
0.0
0.0
0.0
0.0
0.0
0.0
0.0
0.0
0.0
0.0
0.0
0.0
0.0
0.0
0.0
0.0
0.0
0.0
0.0
0.0
0.0
0.0
0.0
0.0
0.0
0.0
0.00017820930162774803
0.0
0.000729264730611657
0.0
0.0
0.0
0.0003557031905632932
0.0
0.0
0.0
0.0
0.0011145366637649852
0.0
0.0010966047619964893
0.0
0.0
0.0
0.0
0.0
0.0
0.0
0.0
0.0
0.0
0.0
0.0010649719323235136
0.0
0.0010363235645534073
0.0
0.0
0.0008569213227206608
0.0012409756970492482
0.001501790928293497
