0.0
0.0
0.0
0.0
0.0
0.0
0.0
0.0
0.0
0.0
0.0
0.0
0.0
0.0
0.0
0.0
0.0
0.0
0.0
0.0
0.0
0.0
0.0
0.0
0.0
0.0
0.0
0.0
0.0
0.0
0.0
0.0
0.0
0.0
0.0
0.0
0.0
0.0
0.0
0.0
0.0
0.0
0.0
0.0
0.0
0.0
0.0
0.0
0.0
0.0
0.0
0.0
0.0
0.0
0.0
0.0
0.0
0.0
0.0
0.0
0.0
0.0
0.0
0.0
0.0
0.0
0.0
0.0
0.0
0.0
0.0
0.005929243313557062
0.0
0.0
0.0
0.0
0.0004471708165544462
0.0
0.0
0.0
0.0
0.0015471227263865394
0.0
0.0
0.0
0.0
0.0
0.0015067445233627151
0.0006517587718407942
0.0
0.0
0.00953834793920049
0.0013184014579423757
0.0
0.001282935687728721
0.0
0.0
0.0
0.0
0.0
