0.0004031447534929357
0.0004031447534929357
0.0004084990197502638
0.0004031447534929357
0.0
0.0004031447534929357
0.0004314181066669452
0.0
0.0
0.0
0.0
0.0
0.0
0.0
0.0
0.0
0.0
0.0
0.0
0.004627245533454315
0.0
0.0
0.0004702146989931094
0.0
0.0
0.00020456914917071112
0.000575857648987156
0.0
0.0
0.0005727039926400193
0.0
0.0
0.0
0.0011148800539026388
0.0
0.0
0.0
0.0
0.0
0.0
0.0
0.0
0.0041171554746483275
0.0041171554746483275
0.0
0.0
0.0
0.0
0.0
0.0
0.0
0.0
0.0
0.0
0.0
0.0
0.005076492672624637
0.005076492672624637
0.0
0.0
0.0
0.0
0.0
0.0
0.0005384951032753219
0.0
0.0001993437839421798
0.00010516467121487079
0.0
0.0
0.0
0.0
0.0010736729882553134
0.0002099071639021829
0.0007545147839543112
0.0
0.0
0.0
0.0
0.0
0.0006471271600004178
0.0
0.0005429685828456257
0.0
0.0
0.0003653939519778739
0.00027022157378828816
0.0007182400347257385
0.0
0.0
0.0
0.0
0.0
0.0
0.0006115540880471785
0.00043320525706738825
0.0012020201040927301
0.0
0.0
0.0
