0.0
0.0
0.0006922317560102839
0.0
0.0
0.0
0.0
0.0
0.0
0.0
0.0
0.0
0.0
0.0
0.0
0.0
0.0
0.0
0.0
0.0
0.0
0.0
0.0
0.0
0.0010714106985407052
0.0
0.0
0.0
0.0
0.0
0.0
0.0
0.0
0.0
0.0
0.0
0.0
0.0
0.0
0.0
0.0
0.0
0.0
0.0
0.0
0.0
0.0
0.0
0.0
0.0
0.0
0.0
0.0
0.0
0.0
0.0
0.0
0.0
0.0
0.0
0.0
0.0
0.0
0.0
0.0
0.0
0.0
0.00017820930162774803
0.0
0.0
0.0
0.0
0.0
0.0003557031905632932
0.0
0.0
0.0
0.0
0.0011145366637649852
0.0
0.0010966047619964893
0.0
0.0
0.0
0.0025608573632750382
0.0006191870354249918
0.0004579104122445288
0.0
0.0
0.0
0.0
0.0
0.0
0.0008343282934963872
0.0
0.0007340982996629356
0.0
0.0
0.0012409756970492482
0.001501790928293497
