0.0003612344510082844
0.0003612344510082844
0.0003660320960607382
0.0003612344510082844
0.0004081194102419381
0.0003612344510082844
0.0003865685502951691
0.00037095889386994845
0.00034123895335596866
0.0
0.0
0.0
0.0
0.0
0.0
0.0
0.0
0.0
0.0
0.0
0.0
0.0
0.0
0.0
0.0
0.0
0.0
0.0
0.0
0.0005131665749811006
0.00042361761569416356
0.0
0.00024855229865132354
0.0
0.0
0.0
0.0
0.0
0.0
0.0
0.0
0.0
0.0
0.0
0.0
0.0
0.0
0.0
0.0
0.0
0.0
0.0
0.0
0.0
0.0
0.0
0.004548748378230533
0.004548748378230533
0.0
0.0
0.0
0.0
0.0
0.0
0.0
0.0
0.0001786203137467575
9.4231915317326e-05
0.0009241047001138954
0.0003856140600475267
0.0
0.0
0.0
0.0001880855411311702
0.0
0.0
0.00019099921849072358
0.0004790604120222341
0.0005893346955443332
0.00035628979692604174
0.0005798528254427536
0.0
0.0004865224122094963
0.0006172873293250922
0.0
0.0003274081641912962
0.00024212975863449347
0.0006435729161507486
0.00027838448185249254
0.0
0.0
0.0
0.0
0.0
0.00054797787480438
0.0003881699113154473
0.0010770599608224021
0.0
0.0
0.0007941035304368558
