0.0004384242373485063
0.0004384242373485063
0.0
0.0004384242373485063
0.0004953277315688263
0.0004384242373485063
0.0004691718117500104
0.0
0.0004141560348441462
0.0
0.0
0.0
0.0
0.0
0.0
0.0
0.0
0.0
0.0
0.0
0.0
0.0
0.0005113635214397596
0.0
0.0
0.0002224711407828688
0.0
0.0
0.004061687398864376
0.0006228217260032997
0.0
0.0
0.0003016637855920491
0.0
0.0
0.0
0.0
0.0
0.0
0.0
0.0
0.0
0.0
0.0
0.0
0.0
0.0
0.0
0.0
0.0
0.0
0.0
0.0
0.0
0.0
0.0
0.0
0.0
0.004212120265488983
0.004212120265488983
0.0
0.0
0.0
0.0
0.0
0.0
0.00021678850013000863
0.00011436770632361476
0.0
0.0
0.0
0.0
0.0
0.00022827628897672126
0.0
0.0
0.0
0.0
0.0007152657054603932
0.00043242299303499057
0.0
0.0008020257205091857
0.0
0.0
0.0
0.0003973698363668851
0.0
0.0007810937305508416
0.0003378706095312018
0.0007632701152228358
0.0
0.0
0.0
0.0005354390167994469
0.0006650716208666815
0.00047111535695195744
0.0
0.0
0.0
0.0
