0.00037123057835166735
0.00037123057835166735
0.00037616098447040044
0.00037123057835166735
0.0004194129443572409
0.00037123057835166735
0.00039726572617336016
0.00038122411727799883
0.00035068176265266757
0.0
0.0
0.0
0.0
0.0
0.0
0.0
0.0
0.0
0.005801036868941115
0.0
0.0
0.0
0.0004329910612608926
0.0004629673655020313
0.0
0.0001883748279037999
0.0
0.0
0.0
0.0005273669880855559
0.0
0.0
0.0
0.0
0.0
0.0
0.0
0.0
0.0
0.0
0.002218829770147984
0.002218829770147984
0.0
0.0
0.0
0.0
0.0
0.0
0.0
0.0
0.0
0.0
0.0
0.0
0.0
0.0
0.0
0.0
0.0
0.0
0.0
0.0
0.0
0.0
0.000495866179322464
0.0
0.0001835631186130814
9.683951329889632e-05
0.0
0.0
0.005015479792938672
0.0
0.0
0.00019329026901730733
0.0
0.0
0.00019628457404081227
0.0
0.0
0.0
0.0
0.0
0.0004999855245297119
0.0
0.0013915782084454118
0.0
0.00024883000523106587
0.0
0.0002860879739287656
0.0006462900135867282
0.0
0.0
0.0005787092068775391
0.0004533767044464336
0.0
0.0003989114002668703
0.0
0.00046565382990533126
0.0006743502242606618
0.0008160780680035806
