0.0003152932867952975
0.0003152932867952975
0.00031948077576054757
0.0003152932867952975
0.0
0.0003152932867952975
0.0003374054397471129
0.0
0.000297840781481064
0.0015034389447555177
0.0
0.0
0.0
0.0
0.004543726588594454
0.0042597436768073
0.0
0.0
0.0
0.0
0.0
0.0
0.0003677476555517094
0.0003932071086283662
0.0004944805235471595
0.0001599903728378329
0.00045036937552147676
0.0
0.0
0.00044790294958762416
0.0
0.0
0.00021694185303633995
0.0
0.0
0.0
0.0
0.0
0.0
0.0
0.0
0.0
0.0
0.0
0.0
0.0
0.0
0.0
0.0
0.0
0.0
0.0
0.0
0.0
0.0
0.0
0.0
0.0
0.0
0.0
0.0
0.0
0.0
0.0
0.0
0.0004069008885308466
0.0001559036953768589
8.224766552162124e-05
0.0
0.00033657233989588546
0.0
0.002210461583640545
0.0
0.00016416515173564867
0.0005900943621551239
0.0
0.00016670827271646996
0.0
0.0005143841421050325
0.0003109774851509512
0.0
0.0005767777051812424
0.00042464734472845363
0.0
0.001181894199345378
0.0
0.00021133612039974203
0.0
0.00024298003147563927
0.0005489065677496656
0.0
0.0
0.0004915088857854578
0.00038506157530461473
0.0
0.00033880314248011667
0.0
0.0003954887746358809
0.0005727386456211497
0.0006931108355483065
