0.0
0.0
0.0
0.0
0.0
0.0
0.0
0.0
0.00040265256275147913
0.0
0.0
0.0
0.0
0.0
0.0
0.0
0.0
0.0
0.0
0.0
0.0
0.0
0.0
0.0
0.0006684908931774858
0.00021629185002260595
0.0
0.0
0.0
0.0006055224191213371
0.0004998571145187891
0.0
0.0
0.0011787675237905774
0.0
0.0
0.0
0.0
0.0
0.0
0.0
0.0
0.0
0.0
0.0
0.0
0.005367397753959036
0.005367397753959036
0.0
0.0
0.0
0.0
0.0
0.0
0.0
0.0
0.0
0.0
0.0
0.0
0.0
0.0
0.0
0.0
0.0005693532117999802
0.0005500915111022694
0.0
0.00011119106368821013
0.0
0.0
0.0
0.0
0.0
0.0
0.0007977517585249362
0.0
0.0002253738151886591
0.0
0.0006953987027141896
0.000420412143465993
0.0006842103572497287
0.0007797488979658403
0.0005740830411814961
0.0
0.0
0.00038633261261899424
0.0002857064437507911
0.0007593983085958528
0.0003284860182161502
0.0007420697565876252
0.0
0.0
0.0006644735200213712
0.0
0.0006465987937517904
0.00045802980004787136
0.0012709010773742087
0.0
0.000774288471509497
0.0
