0.0004641942878396009
0.0004641942878396009
0.0
0.0004641942878396009
0.0005244425011567617
0.0004641942878396009
0.0004967491677623452
0.0004766904127695664
0.0
0.0
0.0
0.0
0.0
0.0064048935247655574
0.0
0.0
0.0
0.0
0.0
0.0
0.0
0.0
0.0
0.0
0.0
0.0
0.0
0.0
0.0
0.0
0.0005443580391753729
0.0
0.0
0.0
0.0
0.0
0.0
0.0
0.0
0.0
0.0
0.0
0.0
0.0
0.0
0.0
0.0
0.0
0.0
0.0
0.0
0.0
0.0
0.0
0.0
0.0
0.0
0.0
0.0
0.0
0.0
0.0
0.004526766852089943
0.004526766852089943
0.0
0.0
0.00022953106798626093
0.0001210901028415049
0.00118749505192892
0.0004955226266073764
0.0
0.0
0.0
0.000241694095274172
0.0
0.0
0.0002454382353558754
0.0
0.0
0.00045784029758780406
0.0007451237516435178
0.0008491678297996648
0.0
0.0
0.0
0.0
0.0003111421143813759
0.0
0.0003577302384598707
0.0
0.0
0.005235304272417064
0.0
0.0
0.0007041637325473245
0.0
0.0
0.0
0.0008432212763696953
0.0
