0.0004641942878396009
0.0004641942878396009
0.00047035936822497064
0.0004641942878396009
0.0005244425011567617
0.0004641942878396009
0.0004967491677623452
0.0004766904127695664
0.0004384996295178168
0.00221345585047045
0.0
0.0
0.0
0.0
0.0
0.0
0.0
0.0
0.0
0.0
0.0
0.0
0.0
0.0
0.0
0.0
0.0
0.0
0.004300428509485445
0.0
0.0
0.0
0.0
0.0
0.0
0.0
0.0
0.0
0.0
0.0
0.0
0.0
0.0
0.0
0.0
0.0
0.0
0.0
0.0
0.0
0.0
0.0
0.0
0.0
0.0
0.0
0.0
0.0
0.0
0.0
0.0
0.0
0.0
0.0
0.0006200411857136584
0.0
0.00022953106798626093
0.0001210901028415049
0.0
0.0004955226266073764
0.0
0.0
0.0
0.000241694095274172
0.0
0.0
0.0
0.000615603263116526
0.0
0.00045784029758780406
0.0007451237516435178
0.0
0.0
0.0
0.0
0.0004207267584402253
0.0
0.0
0.0
0.0
0.0
0.0
0.0
0.0
0.0
0.000498806952218693
0.0013840459570757756
0.0005822630477059598
0.0008432212763696953
0.001020440663267733
