0.0
0.0
0.00024203431247772373
0.0
0.0
0.0
0.00025561379535601187
0.0002452920981563629
0.00022564014564565652
0.0011389849998951706
0.0
0.0
0.0
0.003295786382675387
0.0
0.0
0.0036447519996645455
0.0
0.003732577349054053
0.002741627610367136
0.003971845127839569
0.0
0.00027860064745637264
0.0002978883845879677
0.0003746117532907937
0.00012120654145989295
0.0
0.0
0.0
0.00033932521355036844
0.00028011204337385746
0.0
0.0001643522121864649
0.0
0.0
0.0
0.0
0.0
0.002136578758424044
0.002136578758424044
0.0
0.0
0.002439400944657373
0.002439400944657373
0.0
0.0
0.0
0.0
0.0
0.0
0.0
0.0
0.0
0.0
0.0
0.0
0.0
0.0
0.0
0.0
0.0
0.0
0.0
0.0
0.00031905656021780267
0.00030826260693680237
0.00011811052991669324
6.23097184174349e-05
0.0
0.0002549826501822933
0.0
0.0
0.0006361476796129084
0.00012436929745944858
0.0
0.001224521422812199
0.00012629593150080976
0.0003167729243062233
0.0
0.00023559233457907708
0.0003834206930340178
0.0004369589844449737
0.00032170708200569717
0.00040817380760406637
0.000895387051940712
0.00021649470298496602
0.00016010538499818417
0.00042555483512566813
0.0001840783838214417
0.00041584418788118973
0.0
0.0
0.0003723604807349596
0.0002917174387678779
0.0003623437660485221
0.00025667267603271445
0.0007121929194746813
0.0002996169438795806
0.0004338990475791126
0.0
