0.00012424896627813778
0.00012424896627813778
0.0001258991478615193
0.00012424896627813778
0.0001403753565006487
0.00012424896627813778
0.0001329627964214065
0.00012759375238538773
0.00011737138329406024
0.0005924665781718555
0.0019652549910090817
0.0
0.0014650082660249517
0.0017143713751355818
0.0
0.0016786553048202572
0.0
0.0
0.0
0.0014261142412632273
0.0
0.0009104571144787836
0.0001449198824305258
0.00015495279736802374
0.0001948620426393527
6.304808656601905e-05
0.00017747897495896996
0.0
0.0011510779233053193
0.00017650702000300623
0.00014570606624117965
0.0003883154440066138
8.549119854787516e-05
0.0
0.0
0.0
0.0007637483851314916
0.0007637483851314916
0.0
0.0
0.0007426309182614963
0.0007426309182614963
0.0012689047973444465
0.0012689047973444465
0.0
0.0
0.0
0.0
0.0
0.0
0.0
0.0
0.0
0.0
0.0
0.0
0.0
0.0
0.0011937104389832941
0.0011937104389832941
0.0
0.0
0.0
0.0
0.000165963861238666
0.0001603491634455171
6.143763220081764e-05
3.241168730143699e-05
0.0
0.00013263449322036602
0.0016786553048202572
0.0008710859960148362
0.00033090535782904454
6.469325943907856e-05
0.0002325409946071352
0.0006369601156630225
6.569543793833864e-05
0.00016477598084125227
0.00020270554624244615
0.00012254821997166897
0.00019944419463210978
0.0002272932429657894
0.0001673425849042001
0.00021232003855434085
0.000465754073013713
0.00011261419235691453
8.328212364999726e-05
0.0002213611390971768
9.575217424999685e-05
0.00021630994531912038
0.0018958930501499376
0.0014013122544586495
0.0001936909967100297
0.0001517428524131306
0.00018848059562894117
0.00013351359508098151
0.0003704618603741257
0.0001558519431941438
0.00022570155358927829
0.0002731371343436351
