0.0006352418974127361
0.0006352418974127361
0.0006436787038627491
0.0006352418974127361
0.0
0.0006352418974127361
0.0
0.0
0.0
0.0
0.0
0.0
0.0
0.0
0.0
0.0
0.0
0.0
0.0
0.0
0.0
0.0
0.0
0.0007922199432156911
0.0
0.0
0.0
0.0
0.0
0.0
0.0
0.0
0.0004370868652224502
0.0
0.0
0.0
0.0
0.0
0.0
0.0
0.0
0.0
0.0
0.0
0.0
0.0
0.0
0.0
0.0
0.0
0.0
0.0
0.0
0.0
0.0
0.0
0.0
0.0
0.0
0.0
0.0
0.0
0.0
0.0
0.0
0.0
0.0
0.0
0.0
0.0
0.0
0.0
0.0016918043961895663
0.0003307542115392689
0.0
0.0
0.00033587800283094935
0.000842442475403189
0.0
0.0
0.0
0.0
0.0
0.0
0.002381239135677222
0.0005757573311979866
0.0
0.0
0.0
0.0
0.0
0.0
0.000990274929019614
0.0
0.0
0.0
0.0018940430826306178
0.0
0.0
0.0
