0.0008062895069858712
0.0008062895069858712
0.0
0.0008062895069858712
0.0009109385806277657
0.0008062895069858712
0.0
0.0
0.0
0.0
0.0
0.0
0.0
0.0
0.0
0.0
0.0
0.0
0.0
0.0
0.0
0.0
0.0
0.0
0.0
0.0
0.0
0.0
0.0
0.0
0.0
0.0
0.0
0.0
0.0
0.0
0.0
0.0
0.0
0.0
0.0
0.0
0.0
0.0
0.0
0.0
0.0
0.0
0.0
0.0
0.0
0.0
0.0
0.0
0.0
0.0
0.0
0.0
0.0
0.0
0.0
0.0
0.0
0.0
0.0
0.0
0.0
0.00021032934242974156
0.002062638048443146
0.0
0.0
0.0
0.0
0.0
0.0
0.0041334288164453555
0.0
0.0
0.0
0.0
0.0
0.0
0.0
0.0
0.0030224204929499275
0.0
0.0
0.0
0.0
0.0
0.0
0.0
0.0
0.0
0.0
0.0
0.0
0.0
0.0
0.0
