0.0005741923630660708
0.0005741923630660708
0.0005818183553880421
0.0005741923630660708
0.0006487173300493849
0.0005741923630660708
0.0006144616294527178
0.0
0.0005424089547681675
0.0
0.0
0.0
0.0
0.0
0.0
0.0
0.0
0.0
0.0
0.0
0.0
0.0
0.0
0.0
0.0
0.0002913644346231197
0.0
0.0
0.0
0.0
0.0006733521653677159
0.0
0.0
0.0
0.0
0.0
0.0
0.0
0.0
0.0
0.0
0.0
0.0
0.0
0.0
0.0
0.0
0.0
0.0
0.0
0.0
0.0
0.0
0.0
0.0
0.0
0.0
0.0
0.0
0.0
0.0
0.0
0.0
0.0
0.0
0.0
0.0002839220338912291
0.0001497842910089891
0.0
0.0
0.0
0.0
0.0
0.00029896728016727976
0.0
0.0
0.0
0.0
0.0
0.0
0.0
0.0
0.0007733411161959438
0.0
0.0
0.0
0.0
0.0
0.0
0.000999634221337844
0.0
0.0
0.0
0.0007012499951946269
0.0
0.0006170070380254298
0.0
0.0
0.0
0.0012622499913503287
