0.0
0.0
0.0
0.0
0.0
0.0
0.0
0.0005710581148433658
0.0
0.0
0.0
0.0
0.0
0.0
0.0
0.0
0.0
0.0
0.0
0.0
0.0
0.0
0.0006486028768409812
0.0006935061529299722
0.0
0.0
0.0
0.0
0.0
0.0007899741501064305
0.0006521215181258327
0.0
0.000382624084375157
0.0
0.0
0.0
0.003418229379370479
0.003418229379370479
0.004974113096877042
0.004974113096877042
0.0
0.0
0.0
0.0
0.0
0.0
0.0
0.0
0.0
0.0
0.0
0.0
0.0
0.0
0.0
0.0
0.0
0.0
0.0
0.0
0.0
0.0
0.0
0.0
0.0007427872286788579
0.0007176581085046478
0.00027497003394859744
0.0
0.0
0.0
0.0
0.0
0.0
0.0
0.0
0.0
0.0
0.0007374707556719541
0.0
0.0005484763490853011
0.000892631681989073
0.0
0.0
0.0
0.0
0.0005040156527233899
0.0
0.000990723075614246
0.0
0.0
0.0
0.0
0.0008668826911624652
0.0
0.0
0.0
0.0
0.0
0.0
0.0
