0.00016551284887373398
0.00016551284887373398
0.00016771106639783826
0.00016551284887373398
0.0001869949172380078
0.00016551284887373398
0.0001771205981759348
0.00016996846000731034
0.00015635117624853093
0.0007892285477545329
0.0
0.0
0.0019515469544475724
0.0
0.0
0.0
0.0
0.0
0.0
0.0
0.0
0.0012128257908996212
0.00019304870952269152
0.0002064136201819548
0.0
8.398676251534937e-05
0.00023642088655201872
0.0
0.0
0.00023512613909006897
0.00019409599004451442
0.0005172775059981518
0.00011388337665211298
0.0004577189018960191
0.0
0.0
0.0
0.0
0.0
0.0
0.0009892634331301058
0.0009892634331301058
0.0
0.0
0.0
0.0
0.0
0.0
0.0
0.0
0.0
0.0
0.0
0.0
0.0
0.0
0.0020841763591187665
0.0020841763591187665
0.0015901493702906147
0.0015901493702906147
0.0017595915163051883
0.0017595915163051883
0.0
0.0
0.0
0.00021360215421814224
8.184146587465993e-05
4.317581757627372e-05
0.00042341255421939446
0.00017668326336562384
0.0022361475519711766
0.0
0.00044080116014216217
8.617830790414813e-05
0.00030976935784882105
0.0008484986758467705
8.751331634294046e-05
0.0002194991462057597
0.00027002536476633076
0.0001632472737560707
0.0002656808972639022
0.00030277879406097737
0.00022291813602204878
0.0002828328919489236
0.0006204340028590548
0.00015001409153685044
0.00011094065374120567
0.0002948766002599354
0.00012755208852598514
0.0002881478724687691
0.0
0.0
0.0002580170252274435
0.00020213763181660353
0.000251076216361676
0.0001778543206207398
0.0004934946321591562
0.00020761137813272046
0.00030065849438267925
0.0003638477372698864
