0.0
0.0
0.0
0.0
0.0
0.0
0.0007045148220476585
0.0
0.0
0.0031392351629476547
0.0
0.0
0.0
0.0
0.0
0.0
0.0
0.0
0.0
0.0
0.0
0.0
0.0
0.0
0.0
0.0003340657137409085
0.0009403876259050244
0.0
0.0
0.0009352376389066397
0.0
0.0
0.00045298247444125304
0.0018206225252063155
0.0
0.0
0.0
0.0
0.0
0.0
0.0
0.0
0.0
0.0
0.0
0.0
0.0
0.0
0.0
0.0
0.0
0.0
0.0
0.0
0.0
0.0
0.0
0.0
0.0
0.0
0.0
0.0
0.0
0.0
0.0
0.0
0.0003255325826617469
0.0001717361151089626
0.0
0.0
0.0
0.0
0.0
0.0003427828038224657
0.0
0.0033749880012717867
0.00034809293286659684
0.0
0.0
0.0
0.0
0.0
0.0
0.0
0.0
0.0
0.0
0.0
0.0005073511374460856
0.0011461368648614256
0.0
0.0
0.0
0.0
0.0
0.0
0.0
0.0
0.0
0.0
