0.0
0.0
0.0
0.0
0.0008021069285299436
0.0
0.0
0.0
0.0
0.0
0.0
0.0
0.0
0.0
0.0
0.009591862020337242
0.0
0.0
0.0
0.0
0.0
0.0
0.0008280744190219202
0.0
0.0
0.0
0.0
0.0
0.0
0.0
0.0
0.0
0.0004884980127068304
0.0
0.0
0.0
0.0
0.0
0.0
0.0
0.0
0.0
0.0
0.0
0.0
0.0
0.0
0.0
0.0
0.0
0.0
0.0
0.0
0.0
0.0
0.0
0.0
0.0
0.0
0.0
0.0
0.0
0.0
0.0
0.0
0.0009162375661217663
0.0
0.00018520087569436346
0.0
0.0
0.0
0.0
0.0
0.0
0.0
0.0
0.0
0.0009415324682539625
0.0
0.0007002423984428708
0.0
0.0
0.0
0.0012131999393311928
0.0
0.0
0.0
0.0
0.0
0.0
0.0
0.0
0.0
0.0
0.0010769809987747079
0.0007628987190989024
0.002116824721729598
0.0
0.0
0.0
