0.00047786334486383495
0.00047786334486383495
0.00048420996741280783
0.00047786334486383495
0.0005398856779515627
0.00047786334486383495
0.0
0.0
0.0004514120599332804
0.002278635140766154
0.0
0.0
0.0
0.0
0.0
0.0
0.0
0.0
0.0
0.0
0.0
0.0
0.0
0.0
0.0
0.00024248386474506808
0.0
0.0
0.0
0.0006788485852008697
0.0005603876657218752
0.0
0.00032880040227501004
0.0
0.0
0.0
0.0
0.0
0.0
0.0
0.0
0.0
0.0
0.0
0.0
0.0
0.0
0.0
0.0
0.0
0.0
0.0
0.0
0.0
0.0
0.0
0.0
0.0
0.0
0.0
0.0
0.0
0.0
0.0
0.0
0.0
0.0002362900336593191
0.000124655824273611
0.0
0.0
0.0
0.0
0.0
0.0002488112237207523
0.0
0.0
0.0
0.0
0.0
0.0
0.0
0.0008741731428609223
0.0
0.0
0.0
0.0
0.0
0.0
0.000368264265174328
0.0008319312191790522
0.0
0.0
0.0
0.0005836052337932147
0.0007248991325010456
0.0005134952429895559
0.0014248017431917103
0.0005994088571454488
0.0
0.0010504894208277864
