0.0
0.0
0.0
0.0
0.0004310540258537404
0.0
0.0004082920970957871
0.0
0.0
0.0
0.0
0.0
0.0
0.0
0.0
0.0
0.0
0.0
0.0
0.0
0.0
0.0
0.0
0.0
0.0005983676199275622
0.0
0.0005449890106608965
0.0
0.0
0.0005420044049070033
0.00044742316607603434
0.0011924096907954074
0.00026251990540058037
0.0
0.0
0.0
0.0
0.0
0.0
0.0
0.0
0.0
0.0
0.0
0.0
0.0
0.0
0.0
0.0
0.0
0.0
0.0
0.0048995051651494455
0.0048995051651494455
0.0
0.0
0.0048043691425251845
0.0048043691425251845
0.0
0.0
0.0
0.0
0.0
0.0
0.0005096292705253285
0.0004923880812737253
0.00018865803342740908
9.95273575382329e-05
0.0009760355457201066
0.0
0.0
0.0
0.0
0.00019865516727422483
0.0
0.0
0.00020173258119857073
0.0005059816172598099
0.0
0.0003763118035590068
0.0
0.0006979548965868745
0.0005138629508619876
0.0
0.0
0.00034580714303290985
0.00025573644531271005
0.00067973904076936
0.00029402853338092336
0.0
0.0
0.0
0.00059477166067319
0.00046596047239180223
0.0
0.00040998344795368185
0.0011375862567358482
0.0004785783575242689
0.0
0.0
