0.0007099604887836355
0.0007099604887836355
0.0
0.0007099604887836355
0.0
0.0007099604887836355
0.0007597514471554251
0.0
0.0
0.0
0.0
0.0
0.0
0.0
0.0
0.0
0.0
0.0
0.0
0.0
0.0
0.0
0.0
0.0
0.0
0.0
0.0
0.0
0.006577276813945537
0.0
0.0008325666853095617
0.002218840370969579
0.0
0.0
0.0
0.0
0.0
0.0
0.0
0.0
0.0
0.0
0.0
0.0
0.0
0.0
0.0
0.0
0.0
0.0
0.0
0.0
0.0
0.0
0.0
0.0
0.0
0.0
0.0
0.0
0.0
0.0
0.0
0.0
0.0
0.0
0.0
0.0
0.0
0.0
0.0
0.0
0.0018907982627358836
0.0
0.0
0.0
0.0
0.0
0.0011582625835878933
0.0
0.0
0.0
0.0
0.0
0.0
0.0
0.0004758753250399872
0.0
0.0
0.0
0.010833161811204414
0.0
0.0
0.0
0.0
0.0
0.0
0.0
0.0
0.0
