0.00023886192750307352
0.00023886192750307352
0.00024203431247772373
0.00023886192750307352
0.00026986404178700905
0.00023886192750307352
0.00025561379535601187
0.0
0.00022564014564565652
0.0011389849998951706
0.0
0.0057371096291016
0.0
0.0
0.0
0.0
0.0
0.0
0.0
0.0
0.0
0.0
0.0
0.0
0.0003746117532907937
0.00012120654145989295
0.00034119374446198945
0.0035204990905850727
0.002212885142653474
0.0
0.00028011204337385746
0.0007465154698108106
0.0
0.0
0.0028685548145508
0.0028685548145508
0.0014682650235615469
0.0014682650235615469
0.002136578758424044
0.002136578758424044
0.0
0.0
0.0
0.0
0.0
0.0
0.0030078050482668576
0.0030078050482668576
0.003404438681005345
0.003404438681005345
0.0
0.0
0.0030673655442721424
0.0030673655442721424
0.0034422657774609597
0.0034422657774609597
0.0
0.0
0.0
0.0
0.0
0.0
0.0
0.0
0.00031905656021780267
0.0
0.0
6.23097184174349e-05
0.0
0.0
0.0
0.0016746157836296561
0.0
0.00012436929745944858
0.0
0.0
0.0
0.0003167729243062233
0.0
0.00023559233457907708
0.0
0.0
0.00032170708200569717
0.00040817380760406637
0.0
0.00021649470298496602
0.00016010538499818417
0.00042555483512566813
0.0001840783838214417
0.00041584418788118973
0.0
0.0
0.0
0.0002917174387678779
0.0
0.00025667267603271445
0.0
0.0002996169438795806
0.0004338990475791126
0.0005250913897821803
